100
687849
1006355
661495
1017095
11654
28605
1000896
1010621
1008741
995708
983440
1011890
680158
91962
681084
672114
1002705
1000246
91527
942579
1011147
683825
675724
1004841
0
679372
666551
1009856
673455
70714
1012334
685145
1015352
50241
902801
999830
1004273
668611
1017971
674340
682275
1005414
1017738
993768
999551
1005004
1013184
1001432
910698
11694
682908
1000209
673940
680945
995756
1007358
49759
70729
682120
112965
1008050
676795
922721
0
675625
1005405
680592
684357
676410
1000028
1011048
669024
1007589
1000052
680137
902585
28436
999267
1011565
112109
681290
674346
675814
683971
1005582
983802
1017489
1009088
675273
664558
683635
682571
1011512
666877
1004750
662015
967066
978067
686622
941865
