100
4 5 28 30
3 3 28 30
9 10 28 30
8 1 28 30
1 10 28 30
8 2 28 30
9 0 28 30
3 3 28 30
4 2 28 30
1 6 28 30
3 7 28 30
4 3 28 30
6 3 28 30
7 6 28 30
2 5 28 30
7 7 28 30
1 9 28 30
4 3 28 30
5 3 28 30
4 2 28 30
2 8 28 30
9 5 28 30
2 4 28 30
9 2 28 30
6 6 28 30
1 3 28 30
9 3 28 30
9 8 28 30
4 0 28 30
2 7 28 30
3 11 28 30
0 8 28 30
6 2 28 30
9 7 28 30
6 7 28 30
4 4 28 30
1 5 28 30
3 4 28 30
6 3 28 30
9 9 28 30
3 4 28 30
2 3 28 30
4 5 28 30
9 11 28 30
8 8 28 30
3 3 28 30
0 9 28 30
4 9 28 30
1 7 28 30
4 5 28 30
0 0 27 29
0 0 11 13
0 0 24 26
0 0 12 14
0 0 11 13
0 0 9 11
0 0 25 27
0 0 15 17
0 0 14 16
0 0 13 15
0 0 23 25
0 0 9 11
0 0 5 7
0 0 0 2
0 0 22 24
0 0 18 20
0 0 8 10
0 0 27 29
0 0 20 22
0 0 7 9
0 0 1 3
0 0 27 29
0 0 17 19
0 0 6 8
0 0 3 5
0 0 20 22
0 0 26 28
0 0 15 17
0 0 15 17
0 0 19 21
0 0 9 11
0 0 26 28
0 0 23 25
0 0 9 11
0 0 0 2
0 0 19 21
0 0 0 2
0 0 22 24
0 0 2 4
0 0 22 24
0 0 13 15
0 0 10 12
0 0 1 3
0 0 18 20
0 0 0 2
0 0 7 9
0 0 22 24
0 0 19 21
0 0 5 7
0 0 19 21