30
6
5 2 4 6 3 1
6
2 4 8 16 32 64
3
1 1 1
3
200000 200000 200000
200
136692 81152 4845 47678 51783 101593 147094 58248 136548 187581 89251 856 79317 150415 95806 10810 122635 78863 130485 146415 9700 71344 33773 1316 10089 88439 44150 195533 197875 48390 36526 51448 80934 125907 136800 75929 119058 152581 123868 62934 1306 39627 115274 71364 181256 84520 33180 158053 176872 140581 139883 22662 155667 170820 49040 133552 134333 148868 33125 172078 109865 40300 9739 1136 189720 149866 138561 140680 105351 182109 58852 98144 82427 198416 168350 54641 145328 188337 35071 131315 112153 109113 66974 78425 140621 155255 133900 79563 175777 92868 128822 10966 44763 199662 154511 136424 58657 73844 136486 126068 12602 119122 60539 116078 142376 92473 197369 14722 146870 72469 197931 97687 26488 8171 53293 18135 85522 81207 126982 25500 146408 113134 70664 131573 120542 46053 3934 69891 62811 147182 178992 5634 6749 105075 64639 21949 27176 110987 140634 52787 10320 189956 16439 119061 76416 146383 166248 87885 5838 190527 134493 199294 197208 9899 53557 44563 81229 63893 186168 81189 32518 141391 1262 127901 189145 136352 24542 191574 189002 184226 172343 130488 61788 159623 19634 116961 94587 156882 165602 189644 106170 64735 78424 99888 22512 78954 113946 24859 135139 166490 24437 5358 36194 76079 93402 59134 46334 34523 50228 75482
200
175084 159938 97122 189649 15826 6116 95680 86407 176758 14108 169028 118722 56754 69337 157204 124295 102222 30088 173624 131675 58503 154177 144714 111779 198319 93553 121667 31357 185582 37178 86690 193212 54642 161558 81069 23673 115195 63554 137752 168378 131111 131681 187385 172131 130418 71017 119915 53739 8627 181381 141955 193959 13961 105822 162513 146835 140034 36140 153155 179231 138199 131885 195243 45086 132752 63068 154349 5147 109385 122386 114164 112387 136498 183763 183116 73 83683 138120 142828 148150 184370 50167 160814 38963 5549 110475 49934 114378 101588 18007 137269 172680 83841 4296 141646 186202 37051 34655 118272 89542 39634 49965 174340 10419 22488 63127 83340 98876 157689 107035 4344 82429 123128 172512 197214 99758 63907 138180 74167 23657 113166 44763 93127 26187 75224 134761 192197 171774 98190 51373 59095 172657 193123 184854 114092 3146 2006 85877 10774 140489 20803 194569 110709 90410 129235 16559 165803 152490 71836 78594 103566 52128 138994 170538 51318 29130 102733 107721 198862 97998 56200 23979 19139 156111 174842 31463 46058 93219 35527 63503 199618 3429 73285 181853 23257 87527 120554 43498 29168 85531 139235 81996 33409 194954 151227 38651 79726 142221 76962 198988 32843 90852 18617 77655 92546 155595 34997 49831 187518 94001
200
35841 25032 18908 2763 165831 86205 165584 167954 99567 59290 194111 45161 89421 39490 169245 115617 140406 129143 56059 60910 170393 10946 189373 69155 173662 156648 32866 149624 80201 115864 147935 110514 118635 83516 143501 143002 17138 130318 11338 26007 64087 179816 86917 62126 81283 104663 124653 169784 139699 51210 196933 1613 144030 115729 184439 199177 71719 125075 144801 174734 114262 78089 68240 94524 184996 147097 194158 139680 38899 57311 141446 57192 97631 75135 196326 175871 107532 80382 167265 41314 3384 60940 12319 170916 63857 64158 110130 151420 155489 76553 177337 15930 8638 181545 51834 19082 89477 97513 197403 173740 31374 149370 691 135549 18292 93150 176897 77849 29302 115953 104183 198813 12323 138702 58419 158127 93028 106687 180979 61146 10562 100231 83999 174731 111515 40699 20170 22016 67584 190260 16006 155932 45274 90884 125330 1201 105767 131220 41399 190090 63470 57075 33792 97628 98331 43414 50620 199682 37639 29028 581 175661 10948 120109 181240 145812 135838 35367 87563 165665 170208 7031 54643 103546 6251 188944 194022 161529 173521 119005 109630 46091 3451 171517 79721 187523 136714 175009 104583 109482 90518 8532 132024 138359 186003 184347 123884 66045 27124 17085 182921 26101 157665 115391 115761 14965 89900 2879 175932 50635
200
186545 135310 28095 54526 197845 102408 166493 144466 197167 161246 36712 42349 37679 86174 99601 102387 6370 80826 61298 167309 77596 120637 113157 49537 2523 105726 70965 23013 18451 51815 187734 78261 80864 36809 195939 95747 145773 37576 176193 20622 28390 129760 153981 159429 155487 25840 108833 736 115185 62165 94203 117201 109049 117564 88361 138155 119133 101615 108662 143257 14393 66245 118508 11129 6543 180304 119159 90521 21916 106721 40699 47848 148773 99244 148948 149291 11145 73139 122689 4948 61175 107776 80244 174609 192453 185029 166281 39715 97683 88536 162738 197448 13185 91053 192073 100461 88489 152115 179065 21697 131742 39933 71136 175403 3830 38943 84074 2156 24477 102370 65889 7558 29173 73943 6046 84303 199214 32749 44355 162581 135961 194715 58955 98930 149250 192642 93042 172998 77348 52107 147023 58235 95984 18897 108823 170961 183241 27706 154932 106137 88769 90594 90984 83444 63937 69151 68839 11259 103183 190711 32859 82191 184317 148943 182180 117552 196440 58326 109787 97833 164809 184732 84007 92249 74235 24911 53290 2263 13164 176319 160075 91834 69974 30527 189032 124220 170829 69013 12399 115734 107065 138864 121461 96310 179891 30096 78791 174165 38915 170746 38467 86745 148411 114312 5294 35300 124883 134697 110207 168384
200
8736 23387 8918 15561 5005 8736 17290 21021 40313 22386 6916 41184 110253 42042 73359 23595 41184 81510 99099 190047 105534 32604 6048 16191 6174 10773 3465 6048 11970 14553 27909 15498 4788 30432 81469 31066 54207 17435 30432 60230 73227 140431 77982 24092 41664 111538 42532 74214 23870 41664 82460 100254 192262 106764 32984 31296 83782 31948 55746 17930 31296 61940 75306 144418 80196 24776 2208 5911 2254 3933 1265 2208 4370 5313 10189 5658 1748 9696 25957 9898 17271 5555 9696 19190 23331 44743 24846 7676 25344 67848 25872 45144 14520 25344 50160 60984 116952 64944 20064 36000 96375 36750 64125 20625 36000 71250 86625 166125 92250 28500 7392 19789 7546 13167 4235 7392 14630 17787 34111 18942 5852 91 429 63 317 434 326 23 101 264 375 77 96 257 98 171 55 96 190 231 443 246 76 77597 189915 115146 169492 148663 22347 20439 127500 42632 27971 20230 98766 95740 127629 68204 47039 155727 124286 162 199906 153042 32019 141741 88187 133321 172741 135299 27115 87223 188788 5013 17107 5445 99340 45815 86660 90261 66533 188911 52886 96895 33770 146564 23431 104654 152942 173517 34562 35379 74880 74136 81280 72626 34731 28185 57066 56716
200
114513 113248 134467 102068 38696 69249 194889 39471 75220 24093 154855 4302 55099 153725 12233 58592 187468 104125 29862 61949 102107 63557 19671 189214 146580 108348 172062 70360 5912 58003 83280 172037 20167 189332 54030 199663 125178 51165 179523 184525 192945 10475 182876 68797 125620 18283 176602 119304 46954 176715 68584 56457 69262 110002 172810 190560 106021 146776 81566 109587 122020 145911 164990 6748 40939 31258 60937 190295 135198 27807 32957 157900 116883 96441 24379 184968 88380 120967 141935 53930 164795 138841 3823 26880 59160 100874 147138 75483 9115 136883 162226 199448 131073 82625 111648 25151 49735 30416 164760 62958 138004 116203 26427 160837 162158 135527 66487 123554 68257 135052 143450 95402 130370 46737 122936 6842 142079 62295 96688 139024 181673 180640 136581 47211 3423 12395 107569 160132 121273 67095 139508 94193 81087 199767 102115 118369 85601 18131 10408 81432 87130 74135 93166 185406 52075 96918 111924 174803 34809 30398 73115 74641 197787 139581 99836 115297 115961 62779 88632 60523 62069 177272 28155 91973 30942 138980 66604 26945 71097 167737 1603 128512 135990 23011 65066 142590 196750 139652 90861 88458 33387 78568 77417 15170 99704 69197 78802 59187 11111 81626 55420 189389 28539 82815 27728 86670 87512 157405 162595 137292
200
75670 101003 16779 131271 15792 101990 34545 35532 69920 93328 15504 121296 14592 94240 31920 32832 51520 68768 11424 89376 10752 69440 23520 24192 13800 18420 3060 23940 2880 18600 6300 6480 77970 104073 17289 135261 16272 105090 35595 36612 11730 15657 2601 20349 2448 15810 5355 5508 24150 32235 5355 41895 5040 32550 11025 11340 82340 109906 18258 142842 17184 110980 37590 38664 329 304 224 60 339 51 105 358 230 307 51 399 48 310 105 108 186330 169016 82898 119125 38524 136039 149699 1188 141210 33672 36460 107453 109727 65298 22319 56009 140644 36822 158024 141144 78002 30823 47917 2177 96303 143128 9676 17527 173105 128129 11468 15173 137456 60892 92960 90261 12480 179741 88551 125834 113351 67389 187391 72488 196055 142065 58726 42399 107361 51217 9283 41891 194928 148140 103394 172764 20396 20313 41969 124012 80087 126706 168439 171626 199281 185672 136465 42486 69174 50823 76153 156041 51797 148416 18056 137949 65382 139072 141785 195452 182981 106321 78336 166855 199190 186911 135927 86613 120495 83823 163177 93074 88269 38094 100612 21174 6620 153202 94537 141401 113510 22733 132658 75329 2334 167587 119237 3903 189888 45310 63198 155496 138088 75005 172755 59529 44401 35455 185806 193561
200
131073 131073 65537 65537 65537 131073 131073 131073 65537 65537 131073 131073 65537 65537 131073 131073 65537 65537 131073 131073 131073 65537 65537 65537 65537 131073 131073 65537 65537 65537 131073 65537 65537 65537 131073 65537 65537 65537 65537 131073 65537 131073 65537 65537 131073 131073 65537 65537 131073 131073 131073 131073 65537 65537 65537 131073 65537 65537 131073 131073 131073 65537 65537 131073 65537 131073 131073 131073 131073 65537 65537 65537 131073 65537 65537 131073 131073 65537 65537 131073 131073 65537 65537 65537 65537 65537 131073 131073 65537 131073 131073 65537 65537 131073 65537 131073 65537 65537 131073 131073 65537 65537 65537 131073 131073 131073 131073 131073 65537 131073 131073 65537 131073 131073 65537 131073 65537 131073 65537 65537 131073 65537 65537 131073 65537 65537 131073 65537 131073 65537 131073 65537 65537 131073 65537 65537 65537 131073 131073 131073 131073 65537 131073 131073 65537 131073 131073 65537 65537 65537 131073 65537 65537 131073 131073 131073 131073 65537 131073 65537 65537 65537 65537 65537 65537 131073 65537 131073 65537 131073 65537 65537 131073 131073 131073 131073 131073 65537 65537 65537 131073 65537 65537 65537 65537 131073 65537 131073 131073 131073 65537 131073 131073 65537 131073 65537 65537 131073 131073 131073
200
38664 59184 64800 55728 57888 40176 24624 84888 46008 78192 27208 41648 45600 39216 40736 28272 17328 59736 32376 55024 72137 110422 120900 103974 108004 74958 45942 158379 85839 145886 38843 59458 65100 55986 58156 40362 24738 85281 46221 78554 11456 17536 19200 16512 17152 11904 7296 25152 13632 23168 22733 34798 38100 32766 34036 23622 14478 49911 27051 45974 76254 116724 127800 109908 114168 79236 48564 167418 90738 154212 48330 73980 81000 69660 72360 50220 30780 106110 57510 97740 76254 116724 127800 109908 114168 79236 48564 167418 90738 154212 72853 111518 122100 105006 109076 75702 46398 159951 86691 147334 216 152 403 217 64 127 426 270 426 407 179 274 300 258 268 186 114 393 213 362 136382 123016 157740 26436 188400 44655 181053 73451 192017 131812 15620 15270 48254 84606 68295 75715 189613 159732 138818 121705 95808 167032 33182 157850 190067 105650 34690 66258 27132 39023 137494 193774 148140 149688 197545 77552 196936 20498 91947 116849 187794 103166 78929 161502 102998 192174 143543 156965 82997 488 156587 49904 95971 64032 141248 92004 96350 131373 32883 35431 53634 93644 120575 134959 89772 162985 171885 122117 119609 167149 170742 30200 169787 161461 7475 11330 38256 28373 22193 152969
200
42474 12352 64993 97831 117161 24057 5856 60005 34524 86408 188733 49897 91929 107942 75531 187243 91179 188519 160951 104299 180208 197925 81544 175350 37345 137033 193648 134547 102960 11295 143933 125599 107820 1316 50498 332 138126 86426 124991 98383 962 150055 157872 58234 106715 165437 35016 144919 165503 132085 142603 118477 141584 64280 162396 122503 10790 135073 148937 179238 175039 68977 181072 86818 93724 124906 9166 89716 149976 138586 87535 117108 131648 140194 37007 75103 161545 66259 171794 167674 174806 91762 37376 34402 47298 181179 191223 68935 116775 73782 116047 32603 178004 86188 5856 158044 121783 97289 80433 7089 55469 33145 53803 173112 175065 166161 112239 172982 25390 84305 173410 108029 2600 158774 58606 160036 152535 132414 51134 100632 42584 144882 9299 166268 136974 45990 180280 196865 74547 105316 129120 172998 73294 12015 57330 83851 151650 197282 36383 172956 152202 134808 161966 104676 41362 31127 2584 171371 105959 47447 53310 12612 73181 128400 150456 93861 183094 192699 52105 163942 82768 30648 38133 107732 104873 35476 187491 67043 134986 22216 102255 38576 75082 77393 129980 1595 65968 12586 122211 72316 62950 82460 190020 99477 53710 124386 130082 154863 14159 119887 84739 140586 37960 86120 25776 83030 13288 102510 87057 35383
200
0 0 1 0 1 1 1 0 0 0 0 0 0 1 1 1 0 0 0 0 0 1 1 0 0 1 0 1 1 0 1 0 0 0 1 0 1 1 0 1 1 0 0 0 1 0 1 1 1 1 0 0 1 1 1 1 0 0 0 0 0 0 0 0 0 1 1 1 0 0 0 0 1 0 1 1 1 0 1 0 0 1 0 1 0 0 0 1 1 0 0 0 0 1 0 0 1 0 0 0 1 0 1 1 0 1 1 1 0 0 0 1 0 0 0 0 0 1 1 0 0 0 1 1 1 0 0 0 0 1 0 0 1 1 1 1 1 1 1 1 0 0 1 0 1 1 0 1 1 1 1 1 0 1 0 0 0 0 1 1 0 1 1 0 1 1 1 1 1 0 0 1 0 1 1 1 0 0 0 1 0 1 0 1 0 1 0 0 1 1 0 1 0 1 1 1 0 0 0 1
200
902 28208 5084 25830 5166 23780 19680 36326 18778 10660 16728 26650 3377 105608 19034 96705 19341 89030 73680 136001 70303 39910 62628 99775 1265 39560 7130 36225 7245 33350 27600 50945 26335 14950 23460 37375 3674 114896 20708 105210 21042 96860 80160 147962 76486 43420 68136 108550 2937 91848 16554 84105 16821 77430 64080 118281 61143 34710 54468 86775 4488 140352 25296 128520 25704 118320 97920 180744 93432 53040 83232 132600 2255 70520 12710 64575 12915 59450 49200 90815 46945 26650 41820 66625 1925 60200 10850 55125 11025 50750 42000 77525 40075 22750 35700 56875 1551 48504 8742 44415 8883 40890 33840 62463 32289 18330 28764 45825 561 17544 3162 16065 3213 14790 12240 22593 11679 6630 10404 16575 1518 47472 8556 43470 8694 40020 33120 61134 31602 17940 28152 44850 253 7912 1426 7245 1449 6670 5520 10189 5267 2990 4692 7475 82 307 115 334 267 408 205 175 141 51 138 23 11 344 62 315 63 290 240 443 229 130 204 325 195329 66595 127182 190274 53833 166869 91367 10607 8398 71272 107530 195154 76123 111450 179852 59624 171809 151779 128438 38198 182330 7708 147991 27263 15878 77729 73100 22263 96881 156160 100839 21256
200
0 0 0 0 0 0 0 0 0 0 0 0 0 0 0 0 0 0 0 0 0 0 0 0 0 0 0 0 0 0 0 0 0 0 0 0 0 0 0 0 0 0 0 0 0 0 0 0 0 0 0 0 0 0 0 0 0 0 0 0 0 0 0 0 0 0 0 0 0 0 0 0 0 0 0 0 0 0 0 0 0 0 0 0 0 0 0 0 0 0 0 0 0 0 0 0 0 0 0 0 43616 40512 78978 89967 51092 165153 110651 120743 84653 21908 136381 163454 191636 56645 172868 46873 109034 4884 62406 196690 158986 194767 193209 148235 120222 113506 71342 93800 180274 171148 66366 18799 77951 111954 156958 104381 6270 128834 11077 170077 48440 81292 193253 116940 157742 33731 29935 134749 19681 9185 190248 5172 2183 3143 84558 55398 114308 126611 79775 128796 103090 1680 24203 71997 103208 189820 68302 45114 34930 162668 24676 166546 96877 146596 187656 61225 102517 25373 51257 64151 26466 121930 187402 2111 66003 159000 13029 53178 141510 61278 78071 66936 84188 21392 12891 68498 67703 117101 146357 13575
200
0 1 0 1 1 1 1 0 1 1 1 0 0 0 0 1 1 1 1 1 1 0 1 1 1 1 1 1 1 0 0 1 0 1 1 0 1 0 1 0 1 1 0 1 1 1 1 1 0 1 1 1 0 1 1 0 0 1 1 0 0 1 1 0 1 1 0 0 0 1 0 1 1 1 0 0 0 0 1 0 1 1 1 1 0 1 0 1 0 0 1 0 1 1 1 0 1 0 1 1 1 1 1 1 1 0 0 1 1 0 0 0 1 1 0 1 1 0 0 0 1 0 0 1 0 0 0 1 0 1 1 0 0 1 1 0 1 1 1 0 0 0 1 1 0 0 1 1 0 0 0 0 0 1 0 0 1 0 1 0 1 1 1 1 0 0 0 0 0 1 0 0 1 0 1 1 1 1 1 0 1 1 1 0 1 0 1 1 1 0 1 0 1 1 0 0 1 1 0 1
200
0 0 0 0 0 0 0 0 0 0 0 0 0 0 0 0 0 0 0 0 0 0 0 0 0 0 0 0 0 0 0 0 0 0 0 0 0 0 0 0 0 0 0 0 0 0 0 0 0 0 0 0 0 0 0 0 0 0 0 0 0 0 0 0 0 0 0 0 0 0 0 0 0 0 0 0 0 0 0 0 0 0 0 0 0 0 0 0 0 0 0 0 0 0 0 0 0 0 0 0 189178 173245 63440 75066 67290 33049 38055 25896 79071 163516 165743 4421 189394 74118 74201 114697 21383 160548 136805 131638 133256 123034 141815 148491 74551 34297 40161 93429 82789 195455 79731 112643 21179 161323 75287 151272 170561 38272 65889 30116 59690 71353 155905 2584 523 16070 114682 126083 3196 115188 14429 70422 76719 171511 183768 9483 195763 121404 7998 172801 78984 156928 178499 4647 74075 91804 75626 171548 20079 29853 177276 175275 18460 46624 164152 38083 37403 139937 196370 35241 104750 127755 47574 194929 25909 120102 171837 179208 129008 65007 54430 198012 104028 100546 51226 100048 146226 159583 15869 112015
200
0 0 0 0 0 0 0 0 0 0 0 0 0 0 0 0 0 0 0 0 0 0 0 0 0 0 0 0 0 0 0 0 0 0 0 0 0 0 0 0 0 0 0 0 0 0 0 0 0 0 0 0 0 0 0 0 0 0 0 0 0 0 0 0 0 0 0 0 0 0 0 0 0 0 0 0 0 0 0 0 0 0 0 0 0 0 0 0 0 0 0 0 0 0 0 0 0 0 0 0 0 0 0 0 0 0 0 0 0 0 0 0 0 0 0 0 0 0 0 0 0 0 0 0 0 0 0 0 0 0 0 0 0 0 0 0 0 0 0 0 0 0 0 0 0 0 0 0 0 0 0 0 0 0 0 0 0 0 0 0 0 0 0 0 0 0 0 0 0 0 0 0 0 0 0 0 0 0 0 0 0 0 0 0 0 0 0 0 0 0 0 0 0 0 0 0 0 0 0 0
200
200000 200000 200000 200000 200000 200000 200000 200000 200000 200000 200000 200000 200000 200000 200000 200000 200000 200000 200000 200000 200000 200000 200000 200000 200000 200000 200000 200000 200000 200000 200000 200000 200000 200000 200000 200000 200000 200000 200000 200000 200000 200000 200000 200000 200000 200000 200000 200000 200000 200000 200000 200000 200000 200000 200000 200000 200000 200000 200000 200000 200000 200000 200000 200000 200000 200000 200000 200000 200000 200000 200000 200000 200000 200000 200000 200000 200000 200000 200000 200000 200000 200000 200000 200000 200000 200000 200000 200000 200000 200000 200000 200000 200000 200000 200000 200000 200000 200000 200000 200000 200000 200000 200000 200000 200000 200000 200000 200000 200000 200000 200000 200000 200000 200000 200000 200000 200000 200000 200000 200000 200000 200000 200000 200000 200000 200000 200000 200000 200000 200000 200000 200000 200000 200000 200000 200000 200000 200000 200000 200000 200000 200000 200000 200000 200000 200000 200000 200000 200000 200000 200000 200000 200000 200000 200000 200000 200000 200000 200000 200000 200000 200000 200000 200000 200000 200000 200000 200000 200000 200000 200000 200000 200000 200000 200000 200000 200000 200000 200000 200000 200000 200000 200000 200000 200000 200000 200000 200000 200000 200000 200000 200000 200000 200000 200000 200000 200000 200000 200000 200000
200
22197 58065 64239 48951 61740 13965 47040 36309 33663 10731 54831 61740 4998 33824 88480 97888 74592 94080 21280 71680 55328 51296 16352 83552 94080 7616 61759 161555 178733 136197 171780 38855 130880 101023 93661 29857 152557 171780 13906 42280 110600 122360 93240 117600 26600 89600 69160 64120 20440 104440 117600 9520 41072 107440 118864 90576 114240 25840 87040 67184 62288 19856 101456 114240 9248 45300 118500 131100 99900 126000 28500 96000 74100 68700 21900 111900 126000 10200 56927 148915 164749 125541 158340 35815 120640 93119 86333 27521 140621 158340 12818 46357 121265 134159 102231 128940 29165 98240 75829 70303 22411 114511 128940 10438 16459 43055 47633 36297 45780 10355 34880 26923 24961 7957 40657 45780 3706 6795 17775 19665 14985 18900 4275 14400 11115 10305 3285 16785 18900 1530 453 1185 1311 999 1260 285 960 741 687 219 1119 1260 102 41223 107835 119301 90909 114660 25935 87360 67431 62517 19929 101829 114660 9282 52548 137460 152076 115884 146160 33060 111360 85956 79692 25404 129804 146160 11832 147 224 409 280 272 300 377 307 109 45 3 273 348 151 395 437 333 420 95 320 247 229 73 373 420 34 33703 180884 38804 197891 12506
200
22876 26980 4028 2508 29868 5244 23408 20900 127022 149810 22366 13926 165846 29118 129976 116050 52675 62125 9275 5775 68775 12075 53900 48125 56588 66740 9964 6204 73884 12972 57904 51700 43043 50765 7579 4719 56199 9867 44044 39325 22575 26625 3975 2475 29475 5175 23100 20625 6020 7100 1060 660 7860 1380 6160 5500 85484 100820 15052 9372 111612 19596 87472 78100 76 422 175 188 143 75 20 284 301 355 53 33 393 69 308 275 140335 1494 70348 134747 66461 158667 136373 18691 174048 46620 65857 26338 39118 161627 18565 4546 5492 114566 129355 65734 1433 84183 89907 127018 171825 73077 103359 10106 143273 73281 39038 21306 60132 96566 165038 42535 151870 101898 113355 114246 60077 172807 56216 2614 63281 150541 118255 49819 180142 183710 150808 53705 59318 64791 133133 46274 195802 124307 185100 192169 190527 167936 113553 163594 24454 87073 162693 2362 89734 57688 16752 85132 63903 154123 4299 108983 121659 108312 87176 41619 190444 99248 140212 157826 189718 92635 119474 121243 90659 96782 89491 164500 116021 132038 27772 111595 51407 172687 171517 139965 33950 53436 19794 57245 17044 71550 163489 29776 4234 59015 122630 103690 193982 144987 60764 34868 48951 78114 23769 34023
200
136539 74417 82345 197864 190287 92131 110152 63423 143089 68695 99063 196423 106475 144408 192410 165094 180699 142138 160649 188971 191961 169830 100518 99964 142210 25619 198340 31792 155917 98229 149491 64511 197493 106718 27798 159129 168578 31203 169382 109876 183999 115151 72956 82019 67708 141970 117447 144040 169873 126748 185138 198164 101492 162123 185793 67024 79590 24928 191143 2885 32042 54322 113201 26597 105247 25139 108248 112809 7143 194402 127276 88152 160844 132227 37448 126957 171834 193784 170224 34572 110856 20043 63262 82597 109185 157349 32891 105592 44575 179465 153998 105014 49670 35933 40718 103224 97800 186082 5171 123783 100236 41727 197103 135949 170590 31582 69601 34724 155185 5628 137030 174340 70010 91979 193305 116302 159451 160179 103733 6400 73226 183050 41875 131138 196129 159235 144184 102999 4835 85073 46045 90704 186090 46768 106265 5877 111759 57655 33090 122820 146226 146451 163082 73611 127306 22358 192292 13128 75691 58740 87192 135908 119653 49935 64005 38827 5809 160511 7995 175401 145760 183634 21088 71829 170478 81781 43214 34043 106070 170320 86460 127402 79920 179727 167992 8352 14504 193763 197889 22030 179343 124329 83006 16807 143413 58888 4359 152896 34241 122177 191826 116372 67500 131390 153694 52357 69447 127138 43673 99969
200
1 1 1 1 1 1 1 1 1 1 1 1 1 1 1 1 1 1 1 1 1 1 1 1 1 1 1 1 1 1 1 1 1 1 1 1 1 1 1 1 1 1 1 1 1 1 1 1 1 1 1 1 1 1 1 1 1 1 1 1 1 1 1 1 1 1 1 1 1 1 1 1 1 1 1 1 1 1 1 1 1 1 1 1 1 1 1 1 1 1 1 1 1 1 1 1 1 1 1 1 1 1 1 1 1 1 1 1 1 1 1 1 1 1 1 1 1 1 1 1 1 1 1 1 1 1 1 1 1 1 1 1 1 1 1 1 1 1 1 1 1 1 1 1 1 1 1 1 1 1 1 1 1 1 1 1 1 1 1 1 1 1 1 1 1 1 1 1 1 1 1 1 1 1 1 1 1 1 1 1 1 1 1 1 1 1 1 1 1 1 1 1 1 1 1 1 1 1 1 1
200
107738 101348 148243 164353 7070 21324 67121 27698 85664 67457 7879 1425 122157 58412 141735 30943 100423 7940 157409 32938 175815 64244 99922 194855 107748 168180 52182 141518 106073 124800 42300 103754 191223 60720 174982 18738 147270 78230 103873 43778 36734 64527 93479 60741 172742 75755 79911 152841 54262 110771 113131 119346 121161 137089 138673 25195 186004 192127 47909 49500 39435 86917 90718 56431 176989 81789 16995 63978 192771 139938 98527 146011 74625 110169 22757 117821 51032 123771 69396 187494 112353 35796 100234 147230 28140 63117 21308 176613 56018 138148 115872 47443 93338 45108 89989 110427 121576 154145 167760 7996 64147 125052 194590 67584 49822 34113 120725 95629 47925 173808 5787 3719 178620 28500 80089 168 117706 14058 74853 194638 18787 134097 113230 115816 149539 189216 46873 171777 78717 49838 8673 140935 134916 106927 109245 47967 177181 93937 115489 104583 24121 41719 79103 199286 12963 2190 126109 174293 145359 100636 62348 180864 142777 132009 79715 176741 55425 108412 16525 96157 132407 133952 16299 126044 56668 121957 72016 141032 9552 199395 175455 56704 25355 187492 69775 54097 189209 62594 137230 19080 136425 193561 39036 184473 77294 122685 107115 12587 166711 44072 13958 178477 108267 8025 180955 6241 145838 131218 13110 111850
200
8586 7579 21730 17967 9646 19557 21942 1484 16112 16271 54270 47905 137350 113565 60970 123615 138690 9380 101840 102845 51516 45474 130380 107802 57876 117342 131652 8904 96672 97626 25434 22451 64370 53223 28574 57933 64998 4396 47728 48199 43740 38610 110700 91530 49140 99630 111780 7560 82080 82890 34506 30459 87330 72207 38766 78597 88182 5964 64752 65391 30132 26598 76260 63054 33852 68634 77004 5208 56544 57102 49734 43901 125870 104073 55874 113283 127098 8596 93328 94249 1458 1287 3690 3051 1638 3321 3726 252 2736 2763 2268 2002 5740 4746 2548 5166 5796 392 4256 4298 53 335 318 157 270 213 186 307 9 14 162 143 410 339 182 369 414 28 304 307 77526 160634 22573 16594 51876 157237 114837 15592 163731 120410 151934 31173 66167 157749 67933 127080 161601 123536 144652 62415 159769 99394 12172 31775 51393 147997 133562 74458 27356 61031 112141 167519 67944 131174 10567 31816 1638 100772 81395 130848 74862 119098 71580 185782 106516 41642 190599 161138 114302 23872 177463 131960 52432 63746 116146 110484 101258 66827 143131 166877 66989 155603 42893 20834 128806 3043 66167 5006 172134 142509 51139 79343 13810 54549 6027 130544 2793 25507 106479 77556
3
65537 65537 131073
200
3920 6360 1320 7400 5120 1720 5720 1740 74088 120204 24948 139860 96768 32508 108108 32886 82320 133560 27720 155400 107520 36120 120120 36540 41552 67416 13992 78440 54272 18232 60632 18444 59192 96036 19932 111740 77312 25972 86372 26274 4116 6678 1386 7770 5376 1806 6006 1827 22736 36888 7656 42920 29696 9976 33176 10092 7840 12720 2640 14800 10240 3440 11440 3480 20 378 420 212 302 21 116 40 196 318 66 370 256 86 286 87 60523 128132 170 118052 177330 140696 42702 96157 145602 191097 116968 83044 195012 137482 98311 86667 79088 4335 9133 18988 120219 180252 53385 168171 15947 14700 50752 15280 119300 47907 181235 10665 92479 86501 171828 188878 108602 66892 103890 152828 1508 192703 123805 193877 146877 50328 134057 147997 91101 62015 169814 162611 23907 50910 124249 38372 124949 189230 8853 110232 139567 172591 43683 189171 14063 194684 171137 67016 51786 93256 77868 126262 111004 91120 164711 158332 164137 119152 85531 133810 156598 132474 53309 118313 124416 181681 54307 185817 199775 160603 136050 49468 191334 83727 78324 76963 155785 186859 134155 96393 54319 125562 35831 109420 137480 103637 54444 34298 161560 131601 36816 184159 65272 38405 195123 139386 196343 89524 192850 38874
200
159515 36710 85123 35090 169348 181518 113991 5437 163780 73508 64061 116039 2463 13455 48573 38367 38283 21302 179766 69775 35908 15697 148208 47485 108922 93924 153485 44435 92575 55437 130163 172374 24876 135909 135662 92190 96857 190190 185848 112828 9968 9354 72632 62955 53498 178059 47332 83264 188814 78413 185698 4077 22699 83819 31004 195139 60272 16680 177510 102096 96012 170817 165558 87094 27769 171536 119475 159362 124879 172626 172375 77931 71158 51740 152511 141205 188850 154724 83059 44980 93527 198419 120999 129010 72367 39573 50821 39471 76361 42613 33642 2445 147976 166176 183125 61616 129128 167386 97917 24588 154953 75863 89266 57351 41409 8701 105138 82319 66276 57939 189519 44636 136385 174950 121586 151645 184870 176195 192629 103198 52765 116325 99295 199787 42884 83819 27226 72467 47933 186778 153141 25798 155773 190444 183056 44429 171003 169792 44177 78806 126195 40237 24046 167817 134564 115034 54307 38886 172182 75325 144888 7614 36584 25172 182034 100784 185054 51307 102396 192673 126291 21839 86753 45093 104950 55116 103168 136515 138146 121508 89311 57731 5253 155596 121331 130355 54218 183995 35420 91609 100371 28234 70476 180391 69652 126618 55346 74138 194837 112937 120296 27593 145136 122676 147248 179760 5976 116137 21801 83611
