100
5 1
3 1 4 1 5 9
2 7 1 8 2 9
4 8 15 16 23 42
92231 1
0 0 0 0 0 1000000000
765249566 685333669 252700828 731667119 170524167 811743855
115604513 520112164 59952620 344341996 273859822 555352913
207108 1
86052515 95113159 91784117 18741121 100214905 158505171
86052515 95113159 91784117 18741121 100214905 158505171
30258 36284 181800 154645 39701 207108
400000 1
0 0 0 0 0 1
999999999 999999999 0 0 999999999 1000000000
0 0 0 0 0 1
164712 1
0 0 0 0 0 1000000000
21444489 847611 33641242 21261199 37715482 45713781
707854891 824323146 132594080 602952692 289139692 934469686
400000 1
440233589 534449883 345100769 501872995 635524406 710550584
60310129 581316902 260535095 600039851 140477672 620328718
130534136 305246516 5795811 172379434 245503247 305684026
207108 1
0 0 0 0 0 1000000000
266857172 20913137 147194798 186106356 609340425 740185855
38583414 327887843 179578308 173328866 123458224 385635424
400000 1
534834320 282776231 110399947 97647 54168160 611626106
534834320 282776231 110399947 97647 54168160 611626106
185433 65494 125865 326074 378363 400000
329144 1
363474441 453761134 19948407 675707194 323092585 691468557
333211429 615606905 74064237 235729123 426222217 949371486
431031562 385744190 312963690 422295431 52319621 637763905
400000 1
6254294 226513001 9453655 176188780 54148784 290748839
999999999 999999999 0 0 999999999 1000000000
35007834 91816018 9663482 177720887 134042841 196434096
253050 1
135996858 242981276 145467059 264737697 107135246 271947156
999999999 999999999 0 0 999999999 1000000000
465164431 224385368 374681416 135291450 278718327 636117764
400000 1
225908686 98494298 84233442 94094425 81980152 245698378
331619720 67448878 241499887 411455127 372252519 637789123
405024402 553167636 78022203 124320859 506286198 836200581
400000 1
0 0 0 0 0 1000000000
999999999 999999999 0 0 999999999 1000000000
103588315 257320810 183596682 31952107 457141133 565425315
400000 1
0 0 0 0 0 1000000000
480418423 367436812 648219390 663438870 117521597 802690341
318473057 70238124 421263533 48298647 259669889 974190640
400000 1
462847272 706481963 634179916 570476714 150245099 964536899
462847272 706481963 634179916 570476714 150245099 964536899
303099 187038 144764 26140 146618 400000
400000 1
372998646 211184914 189522050 145453774 353315154 400351593
372998646 211184914 189522050 145453774 353315154 400351593
97170 214827 393405 300695 159455 400000
400000 1
0 0 0 0 0 1000000000
999999999 999999999 0 0 999999999 1000000000
119122886 191022185 68748580 186237634 154980003 192448922
253050 1
0 0 0 0 0 1000000000
87201141 308695020 21009514 439135847 300646057 444730954
571363712 261138036 288640279 33502714 128712004 687305957
225244 1
438754367 155496067 439131148 45480739 268692578 607055179
491135496 95299677 416143174 473508960 251190528 746106434
122427556 178988482 35942513 80015592 122264043 180298150
400000 1
0 0 0 0 0 1000000000
115281232 63919447 108212997 73324547 31205558 159778218
321044170 78126719 306381988 382549497 241102199 818595239
400000 1
0 0 0 0 0 1000000000
999999999 999999999 0 0 999999999 1000000000
839407969 528413837 377626436 12140837 552072357 948634064
206531 1
0 0 0 0 0 1000000000
331878346 414208908 15747699 74921359 397049891 417850864
430147930 737079542 107561091 72693228 33352509 889525261
400000 1
0 0 0 0 0 1000000000
107676842 116776511 22454968 7463229 116971935 119884822
245632123 202430092 143525171 35243954 163973288 332380119
124427 1
965171101 209143466 965008150 421838656 897840939 968624076
338223410 356274810 313171071 232616783 118731807 400264898
205915259 91290955 324799539 151131337 135217083 445497440
244430 1
38221527 9309944 117010638 128268373 34233666 135026770
155921449 215159354 182115054 264843442 185347062 329632565
136213251 9711774 119394547 78561949 121902428 144244544
400000 1
851329486 587377731 498632074 733150277 856805556 918828939
851329486 587377731 498632074 733150277 856805556 918828939
282619 212785 384212 260332 117079 400000
229286 1
413610863 108396508 482550268 353456377 202579332 903489322
46992013 73680947 78271184 112777974 44084702 120641397
96818421 113051441 18200371 83855579 168220221 169325703
124367 1
0 0 0 0 0 1000000000
999999999 999999999 0 0 999999999 1000000000
405800360 223938715 140745253 322307406 19826439 482598516
207108 1
10681480 57600459 45241753 24489783 15575711 65829797
486205808 673603558 427795671 801526515 301883316 865158527
80759202 59680220 42429438 55693446 83130702 98933018
400000 1
279980151 149128112 549573543 461777142 109482599 570646086
279980151 149128112 549573543 461777142 109482599 570646086
104238 237904 178359 127723 217750 400000
400000 1
254747847 530025229 7387904 386514551 111502683 558096578
268459563 61781808 207617873 28508293 5875529 921026232
175574145 498177137 467585317 302090966 215430188 508913577
400000 1
0 0 0 0 0 1000000000
410545993 337727214 567058154 145774092 598852618 615173862
22978478 58418129 388145726 244055783 204644670 405383060
400000 1
233671490 351160272 105346780 312534253 363287113 474346892
233671490 351160272 105346780 312534253 363287113 474346892
377105 122462 294173 40623 156084 400000
400000 1
771466953 543109876 819160194 307329800 57407289 849388050
771466953 543109876 819160194 307329800 57407289 849388050
338680 140563 57442 229125 169206 400000
400000 1
37821040 685284100 922961198 828770689 474826290 929159235
999999999 999999999 0 0 999999999 1000000000
18856540 18598192 116399008 36755938 38476263 179182236
253050 1
742454124 247194733 255898844 324291999 31937383 941634557
871122835 513201085 859659546 566305846 802954361 909218751
682509778 538215987 417236993 538362898 357493040 789180306
400000 1
1041857 24339695 15996614 28694923 15473583 30461598
1041857 24339695 15996614 28694923 15473583 30461598
236916 350999 26871 235235 76172 400000
400000 1
120125169 210073511 414881729 196332193 356487846 557603527
120125169 210073511 414881729 196332193 356487846 557603527
54277 3199 260680 307984 191653 400000
124367 1
176824266 298545607 62912243 182789800 36297038 457478306
412020753 871621602 260350218 711524862 751047168 872116714
30889003 107160117 380242467 348079266 144734901 383886826
241556 1
31329749 380456903 277986651 79248444 558873238 790785602
65152060 181967073 28034046 215213449 50249029 317230339
507629413 92884214 591750148 59295234 566249520 606290380
356622 1
348784279 312398 355934438 289352436 279689322 458438445
715362606 565949776 776822416 53609681 162294521 778846886
455779204 491631187 18311811 93637180 432645667 748126483
400000 1
869897353 951757679 488184880 100604058 346782266 965292730
869897353 951757679 488184880 100604058 346782266 965292730
306367 253153 388862 50015 178058 400000
400000 1
144385853 63416319 283424732 618923301 237702375 867551092
999999999 999999999 0 0 999999999 1000000000
58303582 154256428 162268202 3493181 60681265 193136860
400000 1
345752 399240395 61546398 432895724 532374634 546685739
999999999 999999999 0 0 999999999 1000000000
224574382 133033724 617232737 283251204 362771633 872062743
400000 1
153164238 79654060 80450644 1512383 14357710 155851648
153164238 79654060 80450644 1512383 14357710 155851648
125426 126285 281362 328730 311679 400000
400000 1
250982412 361626409 378520048 50571742 350005030 398766655
250982412 361626409 378520048 50571742 350005030 398766655
314397 183167 49044 304678 46685 400000
400000 1
254489926 207944967 475112612 578111337 344203673 607571845
254489926 207944967 475112612 578111337 344203673 607571845
191930 197612 393011 90504 191178 400000
400000 1
252406826 43670689 385902164 477991213 429142489 548603902
999999999 999999999 0 0 999999999 1000000000
98116330 250671853 129885339 285434308 159775555 304168070
400000 1
0 0 0 0 0 1000000000
999999999 999999999 0 0 999999999 1000000000
467831693 153770331 208823299 159843753 183365016 569123383
400000 1
21347590 307360669 704366319 467466549 867429652 873278818
202125359 111478821 208200384 497323761 112749118 638368818
125698468 346737580 768780482 272560617 722070768 779445062
400000 1
0 0 0 0 0 1000000000
999999999 999999999 0 0 999999999 1000000000
388183058 5122212 264062119 554818150 329172735 770193932
206531 1
194147501 324276802 238343474 364220970 325242831 611894165
194147501 324276802 238343474 364220970 325242831 611894165
125068 49463 40569 56798 200917 206531
400000 1
376780 5660871 1027172 4741183 1770193 11459314
376780 5660871 1027172 4741183 1770193 11459314
249759 101004 279331 230584 29101 400000
124367 1
280771864 4155797 339390891 574558406 188534152 860341534
999999999 999999999 0 0 999999999 1000000000
238260124 200816360 131386526 163467813 109410652 621891133
92231 1
46999882 33754813 2954357 14842467 3346195 61732572
999999999 999999999 0 0 999999999 1000000000
368411692 160737425 243859903 304412344 408102679 440445263
75720 1
79827645 82234425 75456175 51872821 42869717 94478054
549410811 948703049 947900667 821643 720186879 956930971
28458680 89339663 280992583 204529212 291686398 303653784
400000 1
0 0 0 0 0 1000000000
78733244 198699338 307789080 298354304 278680534 331769567
50299032 285384440 173724520 78915977 103345723 414914763
400000 1
32354836 81949439 58806013 95399268 116306993 134496232
32354836 81949439 58806013 95399268 116306993 134496232
352558 62975 314367 38030 296902 400000
400000 1
260762607 548612089 561093767 535902280 281529788 655045500
260762607 548612089 561093767 535902280 281529788 655045500
270028 359628 367077 204466 253087 400000
400000 1
487640529 211791933 445463289 648329305 494914240 700429936
999999999 999999999 0 0 999999999 1000000000
262869851 371825225 178743223 280896418 78427512 388628263
207108 1
722080280 192857206 181133688 344921226 144446728 753808673
999999999 999999999 0 0 999999999 1000000000
311740026 398998755 440891658 305378457 435879950 455198258
206531 1
28438207 200830635 17961370 8906174 248045323 339104174
999999999 999999999 0 0 999999999 1000000000
78910178 11930237 160848449 19095286 226316114 229288712
253050 1
350009383 422171237 291164653 457498779 253456556 577708218
350009383 422171237 291164653 457498779 253456556 577708218
64684 237171 246676 201443 110637 253050
400000 1
17076874 23020471 22953712 15561127 79665734 93733567
17076874 23020471 22953712 15561127 79665734 93733567
0 0 0 0 0 1
206531 1
0 0 0 0 0 1000000000
999999999 999999999 0 0 999999999 1000000000
48642926 252194299 54578804 143477734 193939959 455516477
400000 1
156238115 381024397 200229366 410544641 150469015 412543899
156238115 381024397 200229366 410544641 150469015 412543899
288649 192360 318310 20210 116699 400000
281637 1
339803445 64428942 523695703 321703216 224044722 879831573
189304702 428921443 499376582 654087647 318007339 658025216
437712745 20439842 508007538 62277301 98981990 844039068
164712 1
83662873 173330565 276428339 40886772 246197745 327406733
83662873 173330565 276428339 40886772 246197745 327406733
129496 79072 33231 60853 52626 164712
400000 1
220971120 42740496 3454295 170408693 465687449 498282024
220971120 42740496 3454295 170408693 465687449 498282024
206879 29229 120859 298914 21847 400000
400000 1
267712114 231508815 591496836 59328156 207889903 693846232
267712114 231508815 591496836 59328156 207889903 693846232
77420 62871 183949 295212 44980 400000
207108 1
0 0 0 0 0 1000000000
999999999 999999999 0 0 999999999 1000000000
51527063 109757448 309627192 30825796 718964211 852369849
206531 1
87645635 262018465 176517909 481145319 155507012 490248062
107327718 157767993 230037436 166189848 161696379 267745876
249837558 343099063 428210028 295308001 341180086 602833044
400000 1
640363977 615114945 624171745 474336359 77729486 640490386
640363977 615114945 624171745 474336359 77729486 640490386
197248 205226 323376 269707 201216 400000
400000 1
553927465 582363136 122333305 607415265 410126256 616919909
523889760 117426006 447639050 388853821 398730504 652021548
156881568 403198595 448426137 83472038 473153963 678028081
1 1
0 0 0 0 0 1
0 0 0 0 0 1
0 0 0 0 0 1
259093 1
164259861 74783248 160275572 39348131 61656155 211969342
187857777 67590910 235747139 4558605 256255833 505772499
705307051 850005401 496263911 763871406 202869949 868530195
164712 1
308671961 779552939 240346703 43622054 269295636 802388239
999999999 999999999 0 0 999999999 1000000000
23198911 212405923 208786691 391843168 598160650 649377499
164712 1
725782414 11263507 603584451 416555968 17251868 958101021
319524816 331422102 91475343 236749119 39600210 340307730
42916715 541725806 521171064 578128537 472366192 996766334
400000 1
20089196 96309418 21182652 514261428 155080564 565467452
177556731 280652803 462505699 334282354 67188670 630185133
183738941 171851207 98081661 121528626 136827795 263914835
124367 1
0 0 0 0 0 1000000000
455501446 379639590 396494038 511082982 263109464 519972942
592993075 261971936 538869804 365536139 107516997 617498710
400000 1
0 0 0 0 0 1000000000
999999999 999999999 0 0 999999999 1000000000
57528140 42944439 93755293 138425860 132397370 228356905
400000 1
86333594 82450346 93310089 30384498 89892937 96256551
86333594 82450346 93310089 30384498 89892937 96256551
164722 53975 385427 100939 59212 400000
400000 1
24253145 61348976 62797493 62434520 69673138 70647091
24253145 61348976 62797493 62434520 69673138 70647091
156838 88840 141065 264395 333435 400000
400000 1
235384872 163791834 307987406 869878066 145891159 928064080
235384872 163791834 307987406 869878066 145891159 928064080
89929 377731 337899 356857 28634 400000
92231 1
0 0 0 0 0 1000000000
999999999 999999999 0 0 999999999 1000000000
42637994 27653675 15557835 232328478 206628480 268956747
164712 1
0 0 0 0 0 1000000000
999999999 999999999 0 0 999999999 1000000000
595960678 397899028 261538487 445975341 117892992 754913919
400000 1
217119633 29354903 558108695 534360807 86921629 982904226
217119633 29354903 558108695 534360807 86921629 982904226
61476 9952 335271 139036 318042 400000
400000 1
247463706 790219571 268107976 674427466 779924407 980740230
247463706 790219571 268107976 674427466 779924407 980740230
16554 324894 331987 205517 100985 400000
92231 1
498816826 20921942 247709406 161720114 603452538 653818659
498816826 20921942 247709406 161720114 603452538 653818659
59038 53919 8612 76163 75349 92231
400000 1
116227411 208745776 388425742 68577368 100402723 638768198
116227411 208745776 388425742 68577368 100402723 638768198
75293 81495 128008 378910 114218 400000
400000 1
366332123 287799111 108942687 380048572 184384335 404229539
366332123 287799111 108942687 380048572 184384335 404229539
171272 17833 333405 287402 224866 400000
1 1
0 0 0 0 0 1
0 0 0 0 0 1
999999999 999999999 0 0 999999999 1000000000
400000 1
495459617 228605705 396983142 46426415 718266360 766742857
495459617 228605705 396983142 46426415 718266360 766742857
229010 13634 334323 262726 196281 400000
400000 1
175344761 83443077 165021983 94383170 164940672 178730214
175344761 83443077 165021983 94383170 164940672 178730214
121303 119184 272333 348972 32115 400000
400000 1
477284810 394288819 74934339 551068082 53953683 580259960
477284810 394288819 74934339 551068082 53953683 580259960
300548 149889 31731 6939 145547 400000
124367 1
192679465 57432526 165326757 118057223 130569106 197396784
192679465 57432526 165326757 118057223 130569106 197396784
27368 46699 17105 36660 19536 124367
400000 1
0 0 0 0 0 1000000000
12164282 551727582 277659640 826781249 562679919 886481963
113002733 88975215 23399729 51013482 14756589 166806996
253050 1
0 0 0 0 0 1000000000
999999999 999999999 0 0 999999999 1000000000
83404898 5808058 29030638 91619172 152813721 574374657
400000 1
86706798 158545848 244970509 348626568 95077156 400859302
86706798 158545848 244970509 348626568 95077156 400859302
300456 327916 139007 218371 382978 400000
92231 1
154677753 244758120 144443167 521650315 440224960 522364380
67651060 868983661 106454875 823461492 242322173 956723099
47456867 157655386 234840555 179737343 85335975 355331977
