1000 10000
718 864 846
238 197 220
204 934 599
718 343 116
748 603 1021
698 890 188
83 90 931
805 623 827
60 158 155
946 302 222
255 454 52
551 531 58
645 547 899
818 214 760
344 73 837
621 891 118
297 646 796
725 411 743
325 157 123
485 394 883
494 483 655
807 830 610
698 954 634
952 316 109
839 853 610
515 670 527
686 352 217
222 716 268
602 652 663
768 203 8
601 924 320
2 337 796
29 503 121
978 451 627
341 230 895
829 313 202
439 984 52
821 483 645
634 444 785
952 393 598
957 927 109
883 458 782
95 29 789
864 813 427
898 430 34
806 207 906
401 608 738
477 485 254
714 592 140
799 411 212
398 101 880
74 247 508
655 851 294
11 924 598
940 372 99
87 455 690
772 321 641
370 463 20
839 7 552
634 704 146
8 104 117
840 263 1016
991 723 245
871 252 967
800 573 486
16 678 340
129 81 773
544 726 714
833 215 910
968 691 765
762 888 641
324 475 247
775 105 316
352 776 418
989 249 617
674 906 637
288 439 256
945 261 975
937 716 639
633 774 670
197 816 460
697 288 9
343 60 589
996 713 20
673 939 152
599 10 577
415 615 853
300 145 556
481 583 717
927 335 175
768 574 461
762 16 582
407 838 234
129 97 899
11 414 649
312 458 898
566 385 817
202 6 1022
84 409 364
858 700 254
295 471 403
360 977 520
564 54 90
909 702 84
814 301 450
125 524 1004
925 221 619
181 788 114
578 822 357
287 998 995
910 903 21
579 430 565
556 525 630
378 376 360
491 579 810
58 530 384
550 898 951
53 262 143
445 588 43
43 680 290
299 509 272
497 917 989
96 393 735
33 780 482
399 676 975
19 777 902
8 564 1006
653 296 130
438 919 210
912 853 743
291 155 756
707 727 614
516 105 234
116 203 82
596 214 666
526 497 168
515 823 804
309 443 184
467 129 77
245 905 354
29 646 961
39 714 150
185 733 793
446 845 503
712 338 983
567 415 644
162 147 336
49 105 679
22 755 355
349 310 1011
475 401 549
340 313 550
531 819 232
369 738 787
753 875 22
247 266 896
383 448 741
232 391 264
444 351 865
963 610 1007
234 282 497
364 609 451
216 424 296
547 719 346
528 239 886
729 679 363
841 319 575
181 363 923
58 680 150
244 536 342
389 2 145
642 900 790
821 109 849
676 556 681
395 479 220
703 443 919
805 196 784
386 364 394
743 338 76
194 387 929
797 282 597
10 320 394
602 111 568
494 401 124
976 843 634
836 904 217
461 377 184
294 609 122
172 560 330
541 171 385
757 384 264
912 636 38
487 906 426
876 320 752
250 985 299
224 211 555
396 673 853
828 998 796
580 935 228
552 570 272
926 295 452
951 119 687
223 285 479
585 927 774
412 660 638
340 524 72
754 699 294
919 837 116
968 296 701
470 400 821
377 315 859
165 497 923
643 150 140
597 209 717
174 124 426
423 154 682
230 298 913
339 903 737
85 718 267
86 384 722
769 518 186
392 365 430
727 574 430
263 826 266
312 486 962
424 532 375
762 52 105
599 181 880
438 855 654
386 300 899
53 865 518
141 879 915
199 898 645
120 736 855
478 935 766
400 477 302
700 466 345
591 16 905
487 316 320
982 974 725
299 352 574
303 200 322
934 49 540
519 566 677
650 580 119
997 281 796
683 372 84
157 938 145
651 968 6
3 946 400
489 1000 128
798 518 178
591 657 697
775 968 338
584 36 533
777 23 530
597 570 269
913 534 815
196 547 63
925 915 467
284 746 729
145 298 794
143 97 451
128 773 664
430 18 113
848 787 136
101 811 625
388 339 17
134 414 756
687 148 631
805 51 93
224 593 151
663 337 908
307 603 730
396 482 1018
200 42 395
834 466 791
634 645 692
191 268 428
646 425 52
303 737 663
809 793 821
962 586 451
337 80 640
8 635 110
776 937 27
382 672 117
938 178 889
562 138 216
710 306 857
636 669 945
892 946 345
435 370 599
148 386 425
921 159 906
203 24 427
301 355 991
928 776 520
368 950 999
145 484 439
135 658 976
346 620 128
516 80 559
855 867 963
67 925 301
649 487 393
177 141 525
895 553 456
225 50 124
404 240 212
176 286 780
115 474 830
577 229 368
360 192 565
859 243 759
763 73 586
136 741 472
742 259 342
547 60 61
209 397 730
792 666 977
467 26 394
481 439 760
133 992 13
548 429 999
776 715 681
734 506 146
134 601 970
333 66 367
281 268 713
420 700 834
271 80 324
836 695 454
791 102 175
721 714 608
625 752 251
565 987 659
935 37 878
614 115 523
798 534 556
767 403 94
735 929 673
387 449 336
800 934 749
151 477 875
936 545 216
300 457 461
780 358 826
968 289 705
934 619 252
986 867 739
339 420 464
879 999 279
436 753 746
749 79 370
535 886 920
878 582 874
773 956 735
605 656 134
40 347 794
461 6 725
153 706 936
16 302 217
908 928 437
233 562 216
222 213 36
604 749 87
654 473 64
329 795 624
242 936 450
809 196 557
290 925 576
164 808 210
326 642 606
419 781 132
303 817 306
757 826 269
520 317 546
914 127 146
35 793 44
847 200 838
431 306 873
831 673 965
892 101 890
824 664 85
870 223 648
730 639 208
335 147 66
906 301 16
844 664 459
641 454 308
819 415 265
107 899 873
561 103 505
383 347 516
111 433 605
431 278 510
567 574 671
696 415 470
259 368 459
40 940 336
90 522 763
341 404 826
635 645 393
392 735 329
703 442 276
900 846 659
861 996 221
633 944 849
607 683 415
258 678 737
227 529 506
474 968 686
533 894 56
101 712 417
544 20 271
600 733 1021
523 939 66
488 542 1019
921 511 504
797 387 252
101 635 123
362 228 802
83 212 870
628 790 778
73 27 1012
985 457 622
595 374 160
672 634 704
84 988 428
266 213 376
693 311 327
104 107 551
215 264 837
867 275 904
501 851 223
834 733 59
766 652 191
567 970 239
623 121 269
824 619 71
525 813 462
321 641 899
606 558 646
26 80 460
681 667 585
145 200 995
885 505 231
19 931 602
234 781 201
110 407 46
448 763 264
663 699 788
600 1 917
188 321 978
355 663 231
679 701 23
695 554 915
796 189 49
381 804 232
331 280 861
436 757 1021
788 628 464
772 870 617
659 525 774
399 484 1009
203 920 245
342 636 902
646 78 961
866 589 409
432 972 129
618 200 676
482 276 215
189 791 319
817 736 56
572 960 127
326 111 389
631 524 810
96 161 525
624 572 697
6 746 727
946 821 327
856 43 473
537 705 504
602 439 402
292 621 305
899 791 99
772 161 419
768 870 527
547 457 886
14 109 325
898 435 996
554 801 914
799 819 489
544 167 910
968 240 638
40 747 665
656 228 888
498 666 12
919 891 407
903 174 581
428 407 13
257 463 654
621 894 511
71 660 196
191 881 972
531 253 433
252 986 491
703 133 204
214 697 378
339 41 791
449 232 164
691 723 926
644 662 91
790 776 589
717 765 684
40 272 148
792 107 1002
25 296 115
619 214 429
104 462 933
931 600 918
568 599 712
857 66 408
77 176 119
730 368 941
168 19 293
611 296 882
901 906 222
547 611 682
502 38 245
837 563 577
275 635 392
813 927 487
445 709 346
781 20 907
112 208 364
302 539 484
530 780 252
41 671 966
905 96 635
281 848 204
910 268 345
345 123 956
822 117 260
361 412 682
938 931 392
611 599 769
362 56 104
619 687 805
210 614 389
278 186 361
36 518 613
135 6 295
614 190 969
20 614 252
128 412 286
488 481 383
52 389 1021
922 934 805
813 44 497
359 461 672
852 861 911
364 804 119
951 839 496
837 571 396
913 576 953
767 190 404
570 663 612
376 285 669
12 858 879
622 585 723
331 873 77
77 60 52
150 667 272
351 916 495
755 252 1021
635 296 208
591 172 158
362 558 260
907 270 192
698 143 733
108 799 186
319 353 96
314 932 163
501 237 962
280 274 505
305 419 929
553 746 767
988 871 869
14 272 966
3 144 730
758 551 528
861 791 133
967 286 236
726 459 77
287 3 38
381 580 782
475 998 7
707 226 577
541 356 936
632 980 674
845 822 40
147 407 996
117 949 551
91 525 217
984 996 432
225 349 739
818 68 579
233 765 922
165 615 983
237 728 198
449 370 10
319 434 331
923 536 451
511 906 587
493 282 816
193 460 431
600 288 530
694 239 824
754 536 114
369 736 265
842 425 532
932 497 280
949 942 403
282 36 717
181 804 508
122 391 286
966 516 849
210 844 904
442 112 948
55 674 254
70 699 241
883 161 489
479 166 920
483 476 311
200 933 389
344 362 984
330 189 310
713 464 874
840 579 472
674 729 886
83 919 999
297 679 869
919 669 988
651 309 720
357 479 54
28 689 793
853 815 488
585 65 272
568 49 866
282 380 851
870 76 831
492 253 648
261 16 644
197 770 872
725 102 260
677 733 39
290 598 378
781 116 446
958 944 12
216 383 84
402 752 716
605 256 319
867 704 386
891 465 983
751 432 206
24 654 490
113 858 482
145 531 1020
726 916 262
725 651 289
127 77 942
499 60 8
849 435 533
152 755 894
497 70 964
485 755 30
493 499 628
302 76 989
618 396 369
712 247 741
341 343 931
3 961 610
428 838 759
364 826 509
533 910 798
214 761 628
16 790 23
735 782 160
862 415 855
430 470 738
627 625 48
159 875 669
735 642 756
615 194 1008
223 32 256
54 282 554
644 956 93
704 745 41
209 267 895
878 793 349
804 293 784
42 861 319
284 379 221
744 852 504
422 473 657
204 783 607
656 677 66
203 787 247
384 49 359
176 262 744
735 653 400
605 586 538
156 467 730
133 320 631
883 284 266
82 95 993
919 890 86
286 376 64
905 70 561
11 572 751
452 305 155
94 512 944
304 581 420
97 162 689
401 90 46
223 333 34
345 616 33
7 79 254
532 928 959
805 967 415
448 627 810
256 169 813
762 213 250
482 208 932
704 145 357
982 726 494
38 15 689
964 131 861
759 422 996
639 345 1011
475 680 568
697 877 691
61 786 509
899 315 106
250 393 111
991 466 718
424 74 26
121 844 450
705 374 115
997 748 125
664 410 705
574 158 666
452 425 378
664 977 231
165 769 385
121 209 369
56 511 483
260 309 35
390 42 673
723 352 962
630 582 1022
206 714 621
335 160 184
75 754 607
460 911 273
161 443 618
89 950 499
372 496 738
826 928 379
480 528 210
967 880 689
159 856 411
534 939 638
187 654 898
196 578 183
850 427 486
618 113 936
459 855 37
430 536 295
424 784 936
657 658 718
786 339 950
166 1000 492
122 412 293
8 74 636
501 249 352
83 39 546
973 524 511
302 766 574
51 834 234
992 282 868
264 956 69
683 803 867
993 897 975
60 801 98
167 67 982
662 629 47
374 83 610
136 997 646
614 923 677
714 703 135
401 50 351
71 247 940
775 660 474
863 538 158
915 199 19
591 462 934
681 683 353
709 227 502
451 988 198
376 457 493
362 477 723
89 106 227
442 790 607
233 599 141
215 91 144
237 912 232
657 340 741
292 281 270
179 557 522
255 657 756
844 340 615
841 120 648
779 668 363
918 440 152
407 156 299
582 735 111
522 9 219
447 168 878
39 212 635
122 532 540
410 162 351
928 410 67
552 912 910
955 660 115
4 541 21
318 270 724
790 428 550
220 530 587
756 736 863
94 432 889
476 858 467
59 637 100
625 436 947
234 415 115
127 111 600
373 864 829
661 474 408
283 348 794
396 578 951
714 89 482
513 614 369
914 131 713
268 243 667
102 723 75
546 42 590
930 691 205
180 16 231
193 172 479
504 1000 970
471 157 467
736 162 622
150 493 26
276 807 298
136 685 709
80 348 541
609 918 136
989 640 733
524 253 263
74 981 736
231 221 948
488 201 506
78 307 542
105 416 65
318 76 696
473 134 134
922 981 794
879 701 269
878 621 970
743 774 42
176 919 904
411 266 384
629 769 13
969 411 943
324 926 422
233 81 993
967 725 260
738 615 893
43 293 251
12 583 248
931 382 16
55 388 525
255 675 375
188 483 676
36 83 832
367 47 557
304 476 389
176 498 574
265 661 222
142 40 464
949 382 729
269 806 428
850 574 872
57 68 211
306 259 759
769 537 503
838 381 550
203 272 791
190 4 52
868 329 875
174 755 833
182 240 49
508 154 288
681 493 700
613 996 115
238 401 703
438 115 109
879 480 575
1000 217 57
398 248 600
242 606 616
358 708 911
151 202 717
910 544 476
71 928 717
79 411 331
593 419 279
141 608 535
252 580 699
597 919 973
827 684 860
241 694 762
780 963 527
407 508 774
334 701 1021
897 990 255
110 844 761
946 758 995
667 763 269
993 495 979
543 95 953
516 295 24
237 90 510
387 978 50
287 317 324
613 886 440
616 556 536
666 656 122
172 143 819
62 566 403
237 610 652
710 797 379
421 409 517
740 186 164
723 877 488
578 48 356
352 693 39
875 925 448
998 813 902
238 169 731
200 542 514
452 382 1011
825 540 207
598 961 1010
717 765 904
527 119 451
671 750 817
213 278 687
396 230 1018
437 162 933
638 850 289
3 752 975
494 882 323
751 338 648
652 749 658
370 275 206
755 979 89
615 381 30
622 83 792
56 541 752
647 142 804
244 292 721
59 862 971
238 262 399
310 305 931
163 417 51
983 302 232
817 676 697
511 478 789
539 75 258
677 651 584
734 792 706
154 492 731
257 816 410
985 125 862
981 771 785
57 399 1009
868 64 839
242 906 674
736 435 949
845 639 228
557 121 61
376 779 342
760 733 771
911 760 347
547 233 538
607 902 155
423 608 462
240 859 267
123 449 334
515 507 27
356 290 363
220 542 562
555 105 270
712 387 737
728 910 460
30 288 9
54 311 79
581 929 326
160 299 739
176 154 38
985 683 883
910 860 869
965 812 148
156 841 660
430 383 601
827 999 363
595 312 257
473 475 115
998 525 408
18 928 464
411 178 873
214 248 468
722 167 361
399 662 727
772 170 1006
390 201 803
503 644 697
121 140 228
10 204 695
855 152 542
792 576 193
602 44 327
281 344 508
439 494 665
795 892 764
34 369 753
738 664 28
578 593 639
343 115 1009
835 841 634
576 755 631
669 930 268
809 409 72
22 331 811
60 290 259
956 266 153
149 640 908
239 932 487
88 664 488
109 352 861
471 494 574
841 699 811
231 139 884
462 31 705
15 177 661
84 985 398
465 556 827
94 730 691
729 326 869
264 132 937
328 65 97
386 649 564
599 192 31
467 822 47
910 418 650
50 374 735
722 390 952
132 58 648
394 512 137
541 210 588
410 904 46
163 661 291
751 751 857
609 219 394
166 17 1005
346 797 738
783 236 909
397 885 714
838 843 114
613 381 290
780 929 757
343 264 732
947 511 346
869 188 589
45 904 846
59 981 651
484 941 32
227 827 53
129 978 367
406 1000 690
762 534 831
151 896 635
183 116 497
943 694 478
956 34 416
721 893 424
908 296 373
349 268 215
926 592 711
837 180 768
582 466 924
911 828 745
925 56 990
25 767 80
605 472 379
226 757 130
31 441 586
238 992 15
350 82 162
123 595 410
519 200 736
405 543 933
139 296 572
262 47 76
942 35 266
410 885 454
560 849 780
784 28 297
736 641 446
360 786 890
307 165 174
905 987 396
172 397 677
390 401 483
516 493 652
912 240 624
86 891 319
66 470 1019
461 505 89
221 164 13
218 68 640
450 755 378
312 991 757
861 996 128
630 667 430
106 132 797
798 776 814
460 552 142
194 590 452
391 349 681
625 524 5
131 563 554
332 578 475
699 323 939
900 701 585
487 588 16
857 795 624
383 191 172
382 836 616
216 677 1022
360 28 1003
10 12 271
918 419 487
363 477 337
50 582 417
437 58 170
144 28 342
181 567 1017
956 344 857
554 163 449
156 295 712
850 659 123
2 549 1021
291 93 544
952 394 238
756 857 523
953 351 734
438 560 797
505 406 476
711 865 205
466 410 573
567 175 809
165 826 175
786 914 102
629 81 110
283 813 1015
972 494 252
56 965 634
973 699 278
562 252 30
740 795 529
960 928 394
268 899 391
73 389 191
167 357 902
303 520 68
444 600 310
746 643 827
488 670 336
706 180 293
515 732 211
612 255 109
849 264 635
17 167 499
63 639 216
83 339 334
174 619 82
903 288 562
638 307 874
538 957 316
728 417 403
42 815 90
895 126 66
868 936 948
528 936 685
283 403 1021
78 724 818
52 966 436
800 111 362
253 849 1021
481 942 79
997 644 278
840 239 282
425 211 204
374 608 71
196 313 699
569 635 763
140 984 307
241 24 892
101 650 675
978 200 67
154 48 880
440 267 830
257 777 45
223 930 921
63 575 416
587 683 831
424 19 395
935 637 654
624 439 464
950 530 302
443 501 29
852 580 302
530 238 188
753 546 212
796 979 792
148 100 221
300 431 147
381 698 471
315 826 376
200 809 223
700 85 877
623 853 871
724 205 172
418 632 539
526 265 1004
181 491 496
564 496 432
380 663 743
983 40 1005
334 719 985
843 368 269
16 733 633
740 128 396
613 863 680
945 347 133
726 106 1001
848 441 352
111 850 630
196 27 1014
919 198 115
711 949 833
991 383 23
707 639 863
357 514 643
714 147 308
502 352 334
133 234 203
565 279 817
611 476 792
849 914 77
851 882 124
315 5 170
788 246 914
637 685 111
822 242 365
405 496 533
193 596 296
616 799 307
205 868 520
636 657 707
306 180 225
760 602 988
55 847 1005
611 41 903
706 409 186
6 21 177
35 734 645
654 746 203
804 149 382
101 420 816
127 627 871
646 684 780
981 638 22
214 357 410
356 376 719
905 539 677
803 444 870
596 503 673
463 741 869
813 765 313
890 982 1006
865 317 155
500 560 712
327 256 235
807 799 418
112 272 651
964 432 606
857 560 759
356 322 202
119 931 322
907 422 612
354 309 753
856 714 916
125 364 669
955 485 37
648 682 317
789 108 653
591 755 689
361 853 509
878 71 882
421 72 48
377 601 17
523 110 136
21 142 1017
640 530 584
915 858 548
614 29 632
456 294 249
677 929 297
797 537 160
672 588 169
789 801 876
153 212 469
12 3 238
723 831 942
48 414 778
175 861 662
595 252 532
294 41 774
949 222 142
979 713 443
191 124 881
209 314 3
174 765 775
414 933 130
806 168 348
702 925 930
477 36 937
379 713 175
880 55 915
11 615 633
89 923 532
581 290 542
355 951 951
99 392 814
708 239 715
627 374 741
748 524 401
843 9 414
131 447 381
885 569 282
473 801 913
610 714 350
93 901 699
692 811 220
658 978 133
668 480 450
623 87 370
102 195 550
350 871 488
125 574 334
69 85 389
390 958 367
394 350 321
921 46 485
447 296 261
753 782 180
924 784 510
746 770 590
187 143 851
712 721 837
929 963 756
141 578 350
579 334 905
626 450 305
794 892 944
564 623 543
652 62 744
97 931 652
768 430 677
512 133 9
98 704 533
464 160 289
822 197 714
891 441 437
693 809 357
239 235 645
515 154 599
232 21 708
718 758 533
667 804 846
826 962 78
480 272 823
606 782 387
856 769 963
592 51 14
808 652 430
918 473 104
741 15 974
389 325 652
442 95 388
736 257 902
285 583 117
599 491 739
351 767 988
701 183 915
557 125 122
250 279 269
301 871 681
32 435 456
610 736 175
622 238 804
481 159 80
866 898 717
799 887 626
387 695 339
558 607 255
319 691 444
366 671 758
846 485 888
307 618 204
880 481 600
578 822 793
686 998 916
378 738 301
138 831 65
585 825 1007
419 297 420
439 815 549
107 519 627
721 438 65
340 649 153
788 270 170
543 175 262
966 784 352
284 720 888
792 2 1013
262 180 648
997 983 353
903 443 372
471 511 25
948 934 59
32 96 43
542 250 173
523 95 970
731 527 579
436 230 144
581 343 101
893 739 284
594 261 739
854 746 152
641 681 163
530 290 114
315 48 302
131 682 363
168 128 717
950 888 306
221 247 103
752 383 610
837 988 784
363 232 536
49 955 834
979 913 1020
361 853 701
206 364 833
606 618 335
472 119 645
271 408 817
331 670 999
740 838 261
743 60 826
746 314 799
475 637 224
445 234 991
731 557 824
528 46 557
598 277 123
619 440 164
379 167 920
402 50 197
665 699 255
78 971 22
289 267 366
973 83 846
316 63 637
841 451 910
828 102 206
222 7 197
985 962 646
588 881 827
201 976 528
665 786 837
659 106 228
328 681 705
118 195 662
184 516 515
380 367 929
91 263 235
290 176 964
820 119 479
266 80 177
509 252 473
640 268 125
62 687 187
82 857 229
8 213 342
988 878 330
147 429 204
496 780 1000
76 10 379
132 427 279
331 727 305
737 901 550
487 828 196
29 198 594
546 994 991
252 467 1002
69 3 227
181 68 796
958 903 995
391 936 984
239 55 150
961 307 878
157 552 772
344 268 608
610 762 96
897 232 386
850 773 745
693 379 931
568 846 83
875 894 243
75 357 385
693 724 742
37 393 461
688 781 841
319 681 650
85 622 706
660 421 335
518 369 292
660 487 618
546 933 989
144 633 755
446 274 744
991 217 474
383 524 589
765 173 244
617 148 479
660 387 271
688 123 448
696 713 393
495 571 204
144 743 444
786 702 29
398 827 641
753 946 59
127 323 693
534 399 647
91 593 273
507 335 382
472 928 633
211 445 427
701 211 786
368 390 908
457 376 127
492 203 944
994 220 951
83 213 648
213 569 364
601 185 337
795 174 735
305 93 865
856 550 388
935 363 482
507 547 697
628 901 359
646 935 268
468 686 419
364 428 475
212 335 2
420 485 958
724 310 913
183 859 967
704 921 409
529 574 840
156 209 10
87 91 282
310 538 495
513 728 285
703 74 402
238 558 479
386 470 209
888 172 877
686 338 976
364 680 792
183 722 194
933 6 987
881 433 203
46 228 503
153 417 373
347 269 643
680 543 717
934 514 120
659 102 607
204 288 279
537 265 620
983 761 748
627 130 249
51 229 457
381 62 839
647 870 502
268 289 928
791 326 507
549 394 9
692 700 443
861 338 74
397 589 941
962 259 232
772 358 838
158 17 129
256 156 659
217 164 730
369 497 290
810 783 921
11 824 416
401 382 118
117 42 379
197 976 475
713 806 995
296 556 724
189 245 646
985 245 503
521 484 451
714 128 374
436 350 771
787 711 127
177 983 390
850 960 209
635 819 680
202 979 235
340 285 96
438 406 137
729 161 874
168 862 722
759 853 338
159 976 23
635 893 656
196 675 563
251 604 346
778 609 1
711 100 115
543 820 795
632 296 46
319 886 967
812 968 425
538 47 994
437 954 613
266 455 984
136 236 868
459 831 944
160 978 921
357 73 168
71 549 359
7 926 128
901 232 472
212 850 792
101 708 574
681 31 874
558 492 688
902 988 436
895 630 671
687 563 17
862 961 344
650 511 950
569 345 143
562 205 998
438 121 241
842 887 514
383 426 668
666 848 443
273 323 324
244 536 88
318 801 42
661 171 711
866 487 317
240 45 712
849 157 249
568 736 97
876 265 696
925 453 582
984 929 277
114 80 276
347 535 276
937 868 261
921 29 122
572 752 546
298 308 321
803 854 494
341 272 107
690 477 875
291 339 579
753 888 544
877 159 749
193 752 705
546 212 590
189 315 327
42 366 222
688 196 997
914 879 713
74 871 87
28 99 243
417 767 809
926 493 114
473 738 101
115 265 92
74 928 131
259 654 864
282 744 716
30 203 449
764 654 745
258 632 648
936 938 698
756 557 600
487 940 418
967 257 536
388 881 875
109 102 668
217 842 698
52 322 140
11 399 628
881 509 460
359 302 514
266 662 824
179 149 362
407 885 478
935 214 130
173 935 328
371 115 657
843 458 737
168 210 755
934 290 298
907 68 302
805 501 1010
178 122 259
61 409 137
794 123 83
532 812 441
31 231 173
633 818 743
968 162 284
854 297 775
969 523 923
52 575 1022
918 407 22
715 336 527
748 124 964
108 57 472
603 586 46
41 140 55
410 371 841
366 343 980
546 827 234
892 482 311
486 444 975
934 352 122
32 884 853
714 239 369
209 653 115
80 111 971
190 785 263
398 869 819
340 135 264
622 591 385
380 275 773
621 698 741
840 352 961
795 579 301
153 379 387
952 183 435
22 164 873
190 476 735
757 681 291
628 762 922
456 681 140
793 904 159
461 385 727
794 773 257
213 377 12
805 51 244
715 436 642
294 350 500
208 246 924
19 388 176
313 665 88
275 433 182
315 434 193
221 81 874
158 899 873
321 179 286
759 77 6
994 514 551
470 986 752
276 70 168
378 544 558
647 756 804
284 345 296
223 266 224
305 232 724
228 773 308
817 112 411
995 950 517
714 16 519
612 444 606
245 346 148
573 965 650
543 452 818
390 650 254
141 644 468
366 217 114
157 450 745
463 257 389
881 555 265
994 132 582
23 919 701
505 912 1007
551 958 263
671 269 890
770 6 746
799 381 262
649 227 351
432 975 819
702 695 289
405 734 987
503 902 576
385 421 466
152 713 390
569 315 775
811 475 257
960 973 204
384 244 876
51 311 975
746 862 363
456 437 194
681 63 430
975 730 302
997 458 694
904 899 921
581 479 495
233 329 306
196 268 1003
610 788 105
714 943 879
957 575 139
807 260 783
327 110 271
818 602 798
304 575 212
861 150 480
736 545 92
742 262 83
946 764 256
185 523 367
440 34 7
987 540 772
489 59 1
688 429 590
952 458 919
940 260 73
419 365 790
203 769 899
589 30 860
952 575 437
705 54 238
638 538 463
769 177 264
483 642 723
111 497 133
485 611 12
533 835 396
437 473 471
875 682 343
242 468 517
801 798 141
555 277 479
360 729 817
132 500 689
350 333 990
387 11 419
108 168 999
289 997 747
513 60 299
925 131 975
269 826 999
392 680 886
911 931 518
298 48 529
529 979 990
492 155 316
360 140 433
898 512 577
608 26 548
5 463 657
273 5 754
994 370 226
420 488 30
92 725 599
13 689 883
860 140 587
46 38 537
816 218 609
546 103 808
904 794 831
554 911 773
923 367 69
507 392 200
719 247 635
327 387 844
361 488 908
735 794 220
475 769 688
824 846 644
893 899 294
750 394 933
912 853 1015
830 283 842
300 653 892
326 406 983
81 450 390
212 777 254
33 117 326
493 582 368
539 179 191
250 963 160
596 555 835
330 424 854
555 255 558
472 875 926
405 901 849
201 715 140
720 355 508
169 200 976
921 419 952
15 293 189
364 936 345
504 443 805
4 995 92
636 572 762
825 248 193
981 173 500
953 545 638
388 70 850
389 4 941
632 324 827
542 867 807
942 176 620
289 294 439
586 400 889
341 74 408
407 654 653
862 560 215
929 913 635
199 551 634
800 552 284
533 840 284
945 87 399
868 208 702
314 736 574
993 979 833
142 763 580
299 757 560
783 73 1019
294 287 917
190 165 852
698 120 428
136 787 115
25 161 180
202 136 98
788 272 50
368 652 1013
56 979 614
317 329 799
331 353 491
628 385 404
610 637 490
421 709 916
439 807 493
485 142 338
967 53 573
986 876 60
467 984 853
56 975 880
182 239 533
824 612 547
796 236 621
935 474 788
674 856 239
475 843 865
12 112 450
758 259 828
798 637 11
722 577 273
863 496 754
515 391 180
865 239 320
780 697 695
991 814 954
223 180 1021
71 697 824
440 852 115
996 840 172
892 535 564
891 424 173
855 184 424
531 8 825
298 594 703
245 937 279
755 962 991
982 855 512
717 505 689
711 589 538
216 221 764
985 413 986
255 930 91
376 442 143
331 527 1019
75 898 818
215 708 610
797 974 906
218 537 464
44 633 765
123 611 483
711 354 368
2 360 219
947 179 302
741 179 213
427 193 118
249 156 893
390 852 308
467 299 907
713 136 597
435 460 389
980 237 596
57 255 850
201 249 343
675 738 1003
728 846 407
861 275 80
531 73 198
201 532 938
63 180 652
782 526 187
722 913 1014
354 378 778
888 378 475
167 304 920
88 114 159
431 439 515
889 545 448
533 857 426
195 228 276
448 459 774
953 825 38
12 509 771
598 419 202
730 661 359
820 795 322
834 973 33
425 633 938
677 694 85
91 147 1001
51 88 723
833 455 721
881 993 808
877 791 991
687 756 516
745 875 21
35 317 560
438 172 271
660 78 638
79 23 85
804 236 278
833 285 921
845 601 630
925 411 846
733 577 296
230 403 968
921 173 30
520 513 78
653 408 47
858 245 979
641 396 563
509 769 29
647 836 476
419 388 726
553 37 565
457 972 709
456 189 79
81 16 774
999 525 83
640 21 485
362 876 669
655 380 641
405 43 420
280 928 57
470 515 28
503 862 216
599 390 703
766 507 105
478 572 283
649 227 226
65 838 456
641 744 961
802 158 1015
363 195 890
674 691 875
393 816 435
155 631 999
918 822 452
926 114 186
578 372 432
496 866 537
303 738 183
389 774 391
450 959 978
812 211 185
614 18 308
285 391 138
560 700 726
714 660 904
804 817 857
834 249 623
984 864 348
760 58 301
784 152 754
610 520 119
440 35 22
129 896 965
300 319 477
998 578 441
968 316 215
493 702 262
545 697 271
659 400 150
181 543 986
895 728 173
681 558 284
646 841 293
922 455 576
330 550 395
283 44 254
599 739 716
894 550 769
59 523 297
777 130 158
694 989 990
283 802 260
197 779 762
303 38 686
419 597 8
770 678 176
798 71 769
414 66 407
344 917 956
763 161 391
175 909 56
608 409 273
16 300 6
979 658 17
525 906 916
728 379 720
55 68 150
726 101 9
304 289 468
44 186 949
137 713 719
384 926 587
860 930 584
5 295 367
899 107 899
910 937 668
581 430 813
682 730 632
11 436 739
521 38 132
931 609 526
920 579 909
886 496 999
47 895 333
240 95 481
317 122 235
804 786 640
587 961 439
50 261 858
292 34 695
932 311 986
179 694 941
378 900 854
245 442 26
776 296 650
233 498 909
797 376 598
181 809 377
227 981 482
763 450 378
990 187 158
542 356 15
76 286 400
62 190 270
553 863 254
783 850 541
213 38 585
784 29 208
615 398 220
714 7 49
833 92 331
738 416 840
972 382 175
429 306 809
537 706 159
204 483 645
921 471 359
716 604 95
224 691 734
600 566 999
110 202 818
320 430 516
409 304 332
423 102 471
631 226 453
318 456 238
510 270 243
627 299 542
339 63 338
360 602 120
786 358 203
55 937 724
599 239 477
224 903 729
944 323 891
629 54 176
617 660 917
294 5 18
815 211 598
247 495 795
908 732 71
254 919 197
340 301 630
754 29 580
526 202 274
649 785 513
926 566 382
354 348 428
832 449 454
932 11 354
698 56 86
598 116 226
549 385 768
344 479 93
214 87 134
221 857 188
503 157 719
358 852 17
728 812 314
808 965 218
734 532 598
782 504 425
362 137 345
941 894 291
565 667 358
896 616 249
411 890 872
162 631 351
716 50 1014
285 395 329
390 13 83
404 891 1021
156 105 816
256 568 644
695 359 42
160 834 175
768 513 450
365 845 891
872 339 513
782 62 746
953 667 59
29 654 451
320 260 494
61 528 305
821 431 502
633 532 460
677 191 437
773 942 435
225 223 719
851 883 90
647 480 817
795 894 784
809 603 816
612 434 190
417 447 599
606 992 381
149 61 689
40 743 116
891 352 247
502 340 975
659 834 906
333 539 658
210 733 289
260 515 620
330 945 688
746 320 131
814 291 702
911 404 251
671 874 223
651 991 78
912 530 812
580 76 250
185 184 827
23 60 298
568 709 523
258 368 154
908 102 933
238 723 591
389 523 93
339 311 987
47 661 729
645 390 969
707 517 421
252 330 254
987 209 612
910 236 864
816 235 755
616 648 444
957 13 138
282 609 962
450 368 400
939 637 90
358 604 756
761 508 30
709 462 724
624 418 667
281 132 531
100 917 827
617 894 305
486 188 102
239 640 653
718 590 334
870 177 79
310 752 558
76 658 966
438 611 567
930 951 360
890 642 538
827 168 118
477 282 462
470 150 207
795 599 180
896 436 153
880 94 97
58 533 890
880 941 440
556 639 111
130 462 768
493 717 73
180 426 776
69 93 991
814 690 337
876 307 179
105 604 461
887 877 529
585 820 1013
328 379 490
659 520 364
853 829 913
300 733 217
778 482 974
385 881 327
885 701 626
331 385 568
514 803 282
846 776 770
420 246 79
709 904 898
62 103 708
749 994 825
471 50 309
316 164 516
920 539 903
752 230 788
870 120 480
803 529 384
299 719 708
902 459 856
651 304 439
433 303 400
499 527 933
311 600 165
296 859 841
348 440 180
676 373 326
429 844 935
814 676 947
22 77 995
366 986 600
924 974 138
515 376 788
876 79 395
79 300 690
106 939 643
948 589 161
17 680 573
676 783 619
807 352 177
332 323 789
96 571 86
232 682 528
250 306 263
853 787 529
342 124 549
188 107 510
263 984 395
2 692 655
455 49 345
834 799 288
914 639 895
587 728 218
148 437 410
294 205 468
679 720 355
532 858 758
884 415 122
722 561 720
4 70 852
811 170 85
190 794 94
841 239 150
952 537 258
661 930 937
835 301 256
244 575 654
22 817 793
304 740 887
459 676 419
449 569 48
306 820 423
56 259 772
660 575 82
50 969 677
816 227 186
171 874 584
642 474 68
280 477 632
253 270 433
812 654 566
416 404 791
499 461 126
356 595 87
345 381 156
766 125 545
445 208 418
3 114 919
144 727 991
715 39 610
649 944 469
525 747 1005
959 245 493
63 407 520
69 982 415
254 888 423
814 105 503
471 705 375
792 940 951
746 941 51
286 80 780
703 314 903
873 457 235
532 252 373
350 43 469
537 931 106
142 678 652
681 3 821
387 526 251
815 97 453
433 565 14
296 742 92
815 588 711
738 47 885
395 115 236
462 923 1015
300 208 211
815 560 930
931 559 355
214 908 885
435 775 201
647 129 827
989 895 405
166 816 903
25 839 890
264 401 432
858 769 857
607 543 764
276 330 329
314 497 478
991 544 700
137 832 384
987 568 807
936 256 539
972 357 690
789 199 154
722 38 463
626 808 560
676 653 790
716 476 720
226 964 777
227 751 712
660 459 498
317 300 881
477 266 520
615 912 635
425 465 795
154 42 809
579 318 271
733 709 641
731 541 397
510 517 756
88 16 281
717 842 812
647 49 163
581 61 396
127 795 893
117 252 236
216 809 861
791 706 69
99 301 800
511 953 275
72 608 389
761 566 722
462 852 144
180 789 297
958 149 507
16 186 564
101 763 735
415 963 998
234 883 667
926 818 421
849 123 232
962 288 100
418 73 562
159 434 429
407 221 156
552 552 51
654 727 255
45 780 918
761 283 914
724 385 923
864 937 981
286 770 121
597 141 180
519 543 244
198 91 389
287 389 912
675 574 261
98 935 148
595 146 284
643 406 514
802 499 923
169 727 623
968 635 45
841 345 572
674 889 726
423 324 41
406 836 640
413 732 736
307 641 700
148 531 789
17 225 49
579 5 183
3 460 828
634 37 469
132 969 434
196 123 147
61 888 430
702 373 561
881 153 938
586 854 1017
396 451 840
717 551 386
521 715 369
982 38 958
939 313 942
208 914 472
395 738 315
730 156 970
229 26 686
847 750 804
673 115 417
275 96 220
204 998 180
254 409 957
970 867 1018
271 97 797
723 789 868
756 726 825
177 967 165
200 905 503
783 259 225
95 606 347
192 446 495
618 401 161
72 342 99
85 940 86
8 947 553
164 464 620
512 520 667
823 586 985
771 953 568
654 290 199
610 129 396
245 410 991
999 255 503
193 951 436
90 764 191
356 296 573
216 894 67
575 46 864
486 884 475
686 93 658
285 314 537
498 55 648
83 756 452
198 487 920
300 170 331
177 35 319
764 609 462
92 830 385
871 725 183
742 13 531
911 815 55
482 381 376
703 919 410
77 908 487
489 34 265
980 361 222
593 114 484
888 112 822
507 955 622
552 654 350
226 864 797
703 235 827
348 394 596
243 533 179
51 888 605
73 92 632
214 91 906
362 980 344
582 444 451
643 626 98
390 28 50
454 711 430
525 164 370
775 843 943
160 575 911
60 507 448
756 822 702
669 435 498
104 634 747
562 430 786
169 630 169
248 969 676
914 487 711
25 392 878
118 634 555
176 996 188
201 894 66
510 98 67
421 309 501
373 881 172
681 613 275
486 553 193
771 888 133
161 812 408
169 341 56
842 967 129
62 158 859
906 139 733
298 276 442
746 270 86
475 110 17
874 634 826
874 37 690
540 851 711
472 601 48
560 379 455
629 308 595
77 221 102
917 430 611
761 259 963
951 703 907
647 138 617
701 929 254
75 687 596
266 291 475
203 164 424
934 768 981
121 166 5
16 236 195
988 153 619
766 894 942
496 405 329
613 738 419
412 666 211
701 55 892
581 79 801
11 166 431
132 53 608
887 464 112
144 943 475
82 134 325
852 902 121
126 739 109
196 142 10
993 330 647
451 39 444
41 898 1007
584 661 214
682 512 598
817 943 231
38 518 58
991 664 672
208 550 886
426 72 703
341 448 988
300 374 544
363 644 302
328 753 615
828 355 698
862 494 243
346 276 982
240 508 45
652 866 996
524 989 205
587 794 653
492 547 398
75 769 550
752 967 421
775 196 891
539 786 201
577 232 338
279 532 590
788 369 764
986 962 860
189 332 381
970 225 68
366 945 848
184 887 452
683 861 374
458 869 854
947 661 758
78 751 439
623 599 122
163 91 686
261 152 248
600 141 554
530 225 318
511 552 431
291 422 359
974 929 801
672 911 164
164 796 581
715 944 852
516 194 487
757 997 80
90 723 838
364 399 951
880 758 481
193 599 738
342 343 38
139 628 534
106 921 10
572 38 400
127 469 551
912 836 659
387 931 167
946 966 315
192 173 169
33 2 910
709 18 613
657 829 920
118 268 352
400 110 205
830 156 786
18 578 811
594 952 746
834 747 779
710 716 888
272 977 174
208 812 309
211 253 290
675 228 550
213 519 56
44 468 890
470 230 172
522 387 816
99 131 942
262 856 952
465 758 939
868 617 168
431 639 267
421 209 606
667 502 939
813 714 661
905 380 636
629 732 690
982 450 43
927 853 214
602 219 775
433 557 211
745 566 929
395 932 275
339 896 301
510 340 887
168 692 581
651 76 191
284 383 677
396 57 798
999 258 823
192 955 740
22 276 618
250 948 964
657 870 72
713 29 436
122 616 844
231 220 364
864 865 441
956 471 774
394 719 822
230 255 187
999 976 180
923 403 812
29 768 328
772 912 151
574 305 494
18 442 854
795 658 406
11 900 996
992 659 282
854 321 931
792 880 234
404 463 37
93 870 99
720 588 680
623 639 471
262 941 304
880 203 410
638 824 164
503 139 896
9 231 338
606 145 342
173 487 866
865 311 82
778 20 547
677 107 669
313 551 421
416 895 671
540 862 126
764 948 949
874 409 206
508 562 334
657 977 510
470 583 536
214 333 511
781 70 473
322 93 183
798 231 894
552 881 997
372 553 114
103 999 2
447 576 205
789 271 557
636 876 709
795 760 735
912 402 236
733 832 637
142 62 940
138 239 422
401 487 126
572 672 933
582 482 510
225 548 529
882 441 86
570 543 44
447 838 478
816 401 948
933 564 347
32 682 460
966 439 352
23 927 794
998 240 1009
760 132 785
172 999 979
712 965 1004
275 49 240
399 516 245
922 782 179
754 556 159
476 810 269
103 228 128
240 453 698
182 484 381
522 780 381
56 597 761
916 807 811
316 394 496
580 590 870
455 595 34
882 115 132
995 644 292
469 470 136
809 982 687
518 35 797
532 454 609
541 750 797
100 966 513
565 484 844
648 419 384
520 690 106
606 161 231
927 801 752
704 679 935
817 788 841
420 391 369
59 975 388
860 761 223
325 813 803
918 317 306
487 478 248
232 26 38
463 181 567
215 597 937
864 696 1004
919 12 821
336 952 659
505 579 704
186 357 68
595 407 905
473 562 682
476 469 639
29 856 699
226 957 572
822 308 530
779 526 66
608 175 426
671 633 691
399 76 286
195 613 232
364 731 130
105 59 1009
247 417 465
480 46 465
969 520 536
316 2 190
366 378 442
432 433 281
649 970 140
62 668 658
538 212 227
499 11 923
188 526 382
411 858 588
6 750 298
509 489 507
72 270 22
704 647 73
776 750 296
757 749 849
644 116 525
459 4 717
260 305 253
633 310 883
855 644 19
617 214 579
755 109 438
103 495 929
54 708 866
686 354 435
725 180 514
75 67 470
22 318 419
780 608 310
188 48 51
483 936 593
542 396 561
477 713 916
347 558 496
334 702 774
853 65 496
732 265 22
584 345 734
167 883 552
39 950 450
96 939 13
55 958 857
374 523 470
744 309 489
417 748 86
204 330 366
868 281 881
223 824 478
724 255 611
503 616 734
559 347 760
531 224 674
142 838 671
126 120 458
710 403 329
161 530 963
686 649 976
964 788 479
742 574 368
269 607 532
919 246 818
311 518 860
943 93 889
62 434 449
792 995 333
258 291 608
363 685 371
340 210 698
763 92 487
81 136 163
257 39 431
980 346 996
101 477 940
37 274 198
270 348 803
240 22 728
184 363 797
854 154 866
360 4 732
596 778 648
699 236 424
914 133 123
110 366 674
975 997 816
253 963 19
781 247 948
645 678 978
77 133 448
479 146 423
444 465 901
195 89 599
937 842 517
972 447 827
837 177 608
298 739 305
812 141 778
173 124 185
606 325 703
380 80 544
230 540 185
939 704 557
707 895 206
736 214 311
715 323 544
349 985 333
698 619 730
487 712 896
554 93 860
960 449 627
873 820 17
489 116 758
794 949 497
21 952 465
274 785 13
788 925 1003
380 95 525
567 804 664
65 906 961
744 873 154
318 117 968
853 418 311
515 419 992
246 921 676
373 16 552
131 596 817
506 615 458
155 348 550
634 875 907
551 751 601
174 909 517
292 677 448
828 376 139
485 729 1012
587 83 96
757 866 509
510 812 405
920 88 223
155 92 295
730 119 843
978 715 411
827 582 526
334 6 742
518 331 470
510 528 80
156 445 48
463 649 525
91 506 542
272 346 659
251 513 254
933 986 852
559 584 728
364 860 600
160 567 352
78 974 649
410 713 994
264 672 248
852 457 58
435 511 951
743 791 888
325 707 613
508 549 843
426 815 29
196 392 64
222 326 483
662 886 202
438 160 470
903 764 972
120 163 563
127 928 790
388 327 607
502 972 677
890 476 639
739 1 967
897 187 990
915 863 358
947 49 210
501 763 425
117 10 611
789 946 288
273 444 53
67 204 934
841 151 670
727 325 40
623 132 962
966 173 360
753 547 895
827 269 709
794 331 218
976 498 27
774 6 374
246 447 339
685 380 291
107 408 500
705 725 356
192 100 383
458 538 411
321 625 775
789 816 78
984 243 835
564 769 875
121 354 1007
20 553 957
353 957 356
697 845 981
646 320 633
278 443 983
336 198 744
579 348 486
382 967 155
785 375 489
244 586 998
592 651 409
655 816 37
649 753 608
745 276 868
918 477 74
718 539 184
385 510 993
730 479 150
511 488 88
2 554 793
643 768 481
271 378 131
237 351 374
181 381 915
159 166 290
882 483 535
91 464 645
953 717 993
887 11 485
365 904 1021
473 48 942
183 648 788
453 545 362
968 672 192
68 821 434
79 335 342
325 324 428
188 303 27
455 346 384
810 600 149
192 255 263
181 985 419
128 583 348
984 846 627
735 306 318
468 141 562
906 729 924
304 406 98
788 422 98
889 715 371
620 127 588
193 574 447
439 739 869
579 557 634
171 928 1017
999 999 852
440 60 755
148 843 502
635 354 207
82 766 425
721 987 1013
463 237 969
754 376 682
846 717 873
658 378 250
360 62 890
184 664 43
847 125 176
151 978 547
255 402 901
457 468 490
617 839 446
161 801 82
636 295 327
225 80 825
935 731 822
832 650 268
591 22 706
382 278 651
455 802 405
252 53 261
471 482 755
893 423 70
530 581 973
869 691 483
507 469 666
748 816 229
308 501 99
267 848 982
146 505 321
637 286 894
105 711 317
472 677 224
162 106 903
943 531 1007
87 826 71
482 435 584
681 604 267
717 124 576
231 94 434
295 561 682
642 69 832
546 333 233
153 448 45
934 204 907
197 252 43
698 43 713
665 895 520
260 708 963
716 183 117
332 654 446
820 236 974
201 474 970
762 189 734
279 837 42
222 82 35
915 28 35
885 789 183
553 488 292
834 253 86
75 828 291
338 198 168
932 584 658
240 742 609
188 404 1000
676 73 924
713 24 15
669 639 747
666 545 681
623 38 744
926 175 630
940 105 582
537 786 845
936 349 454
753 737 980
67 158 938
162 679 174
407 525 278
454 19 406
973 355 39
941 475 955
251 909 569
315 378 809
363 450 359
77 193 316
535 895 418
937 248 216
460 992 495
116 327 432
603 138 813
197 327 95
256 258 197
576 345 963
84 118 984
238 734 32
222 439 790
656 720 850
852 537 471
27 486 937
467 804 636
697 35 368
952 561 940
350 458 352
305 257 335
954 606 147
508 134 419
758 476 199
969 260 22
631 126 635
4 219 821
989 61 1003
468 836 295
208 172 100
701 805 767
246 332 203
281 346 173
989 469 298
271 545 963
595 80 407
571 284 886
470 735 114
483 802 731
516 433 650
688 980 990
179 208 24
501 576 957
499 272 889
388 30 241
282 763 916
889 788 482
688 802 287
449 654 165
221 818 116
828 709 746
624 905 296
614 702 853
463 976 126
121 114 855
925 119 1017
44 498 528
590 924 607
557 546 212
759 262 946
467 19 953
214 53 159
754 938 850
981 878 371
387 428 141
180 74 852
299 278 136
745 753 493
445 193 90
258 391 931
820 177 854
701 216 985
477 375 299
332 778 62
22 914 464
768 829 303
188 699 494
267 311 532
543 215 910
659 119 731
982 56 971
190 574 264
935 446 128
100 276 754
822 522 926
339 448 877
480 883 738
140 711 875
892 497 415
347 976 819
402 213 426
666 778 426
298 555 406
49 647 638
190 323 13
236 295 282
238 710 318
511 979 597
411 698 414
994 544 495
538 218 894
966 293 460
240 879 365
249 156 726
467 323 642
684 765 923
334 410 565
653 642 978
764 131 674
284 415 871
658 908 523
745 272 77
406 585 19
483 642 569
475 412 513
459 220 879
25 812 14
772 342 847
603 998 940
647 47 945
149 169 661
632 467 1021
835 603 345
731 717 900
710 532 589
196 231 291
216 738 914
488 920 385
516 573 932
734 548 648
251 95 1018
681 683 637
475 382 170
330 132 684
908 631 977
142 918 847
400 325 704
565 226 466
389 718 645
370 168 290
719 1 965
893 648 863
1000 68 931
37 506 16
872 189 778
641 376 135
851 17 264
989 957 832
613 808 17
185 946 512
880 59 843
688 942 455
260 585 924
863 463 425
568 84 631
81 323 381
511 593 247
122 284 411
10 947 234
477 301 108
202 989 33
18 325 1012
601 516 709
710 710 266
140 93 249
164 370 561
821 210 777
28 919 149
394 562 663
948 123 815
992 488 23
529 475 194
739 633 747
381 915 144
147 390 180
411 719 717
310 695 711
532 582 53
632 639 649
883 998 315
532 921 338
78 646 209
255 469 1003
613 614 233
536 676 601
65 381 385
612 990 228
837 504 643
219 756 933
807 21 232
523 651 487
149 244 515
141 60 157
540 743 44
454 173 873
446 523 953
940 469 505
864 734 369
378 547 449
505 695 633
498 502 624
105 323 67
965 111 215
270 719 171
658 206 837
793 328 443
94 644 717
352 401 444
684 212 661
754 556 917
576 426 260
691 666 748
106 187 461
284 686 887
668 923 679
756 927 541
372 200 591
326 860 561
360 188 195
960 272 867
567 202 316
725 409 21
223 83 523
653 990 344
480 86 422
798 609 416
672 134 258
539 776 523
598 923 264
393 80 933
548 556 772
20 720 555
549 877 612
828 955 504
778 417 1010
85 362 935
73 574 85
840 847 709
521 243 672
144 596 711
152 509 494
289 487 321
182 503 540
796 958 645
655 233 87
498 874 207
892 541 539
316 404 413
546 928 39
225 222 652
479 896 294
456 532 546
591 810 639
185 372 546
524 984 892
851 350 899
600 353 458
265 456 265
69 199 850
839 254 998
134 912 297
262 641 655
635 768 402
237 835 467
991 665 743
977 881 523
594 419 992
737 832 613
29 842 359
118 75 19
367 719 909
295 909 557
150 19 152
106 38 299
852 361 162
16 2 660
23 863 52
295 516 366
2 660 697
650 377 753
184 894 484
842 643 170
743 536 731
167 500 767
64 564 233
527 78 538
42 776 829
844 278 710
749 115 619
527 142 258
648 342 364
499 810 482
688 29 4
488 873 997
204 790 678
575 810 833
794 914 1010
588 580 372
451 960 703
370 325 878
537 802 99
36 529 642
821 318 760
692 79 8
851 656 808
544 514 1002
362 767 225
162 920 785
681 19 848
593 2 321
690 15 642
24 198 167
74 327 243
350 613 244
173 793 628
207 29 369
448 283 771
353 273 419
494 975 337
857 87 469
967 703 65
92 179 622
517 17 124
70 250 417
190 372 413
123 713 795
37 128 88
650 46 460
696 701 992
831 368 425
5 823 614
544 84 114
37 36 684
388 104 332
546 944 367
60 31 682
616 487 691
849 451 63
615 913 129
593 290 487
841 311 441
672 489 33
293 986 82
342 822 68
431 851 526
665 350 506
598 916 700
538 210 277
41 526 838
875 698 519
545 389 604
414 736 267
336 49 664
72 961 975
655 502 338
876 445 246
825 558 881
274 709 159
79 499 874
944 571 290
653 269 333
334 675 224
541 551 122
61 896 23
453 883 588
542 674 660
203 436 888
340 191 76
369 891 661
597 374 951
481 657 842
380 619 139
917 571 380
689 261 236
529 789 635
891 28 571
170 867 207
513 364 824
606 543 368
952 829 647
287 810 192
271 820 1010
82 274 875
292 3 736
43 821 818
932 523 249
892 462 793
144 290 765
667 932 21
491 63 164
378 774 987
703 697 965
527 80 902
144 737 940
660 335 912
939 989 873
304 248 812
310 616 26
537 155 286
907 414 288
911 893 387
446 467 217
839 283 951
291 295 935
839 250 649
816 855 705
680 363 201
372 247 978
806 373 386
953 953 261
972 627 190
627 590 392
84 32 43
314 880 479
942 593 202
728 555 173
352 77 570
331 926 175
480 13 809
230 352 457
466 742 459
804 757 462
738 72 928
22 353 867
873 402 739
368 755 227
410 232 344
832 748 734
767 563 94
282 20 817
850 56 407
434 505 609
686 671 140
68 638 758
896 720 936
765 613 693
513 147 412
64 798 460
534 670 401
168 763 750
835 107 653
639 747 15
72 595 135
286 399 957
83 831 401
66 597 865
943 914 10
841 836 558
683 849 561
11 781 654
431 887 751
867 940 749
573 388 986
234 318 48
28 172 416
150 211 566
100 748 295
617 539 211
745 465 529
598 508 719
129 484 604
768 188 697
327 204 183
415 413 37
798 275 452
529 845 694
924 690 886
914 261 160
341 248 209
225 918 557
626 883 362
560 658 12
976 596 79
640 52 770
65 675 203
377 903 268
138 593 529
660 960 892
470 218 511
996 594 619
109 90 335
162 165 863
521 960 272
165 179 474
245 436 693
149 192 422
477 933 1019
126 813 614
848 957 594
770 95 478
580 837 936
546 127 186
50 901 825
418 462 258
500 986 355
209 305 152
186 369 929
942 261 128
702 967 170
529 9 772
318 500 155
219 878 139
825 942 549
432 398 749
579 474 258
555 199 1000
71 637 658
644 170 395
798 996 506
662 787 290
428 986 143
93 325 519
376 64 876
951 87 195
904 389 813
888 881 976
316 134 335
612 382 94
718 825 214
715 674 665
748 448 688
112 502 228
910 441 763
612 508 534
285 989 1022
172 229 153
35 13 267
422 344 860
678 159 900
719 794 166
19 649 806
781 525 770
500 832 251
916 46 124
428 841 519
202 89 219
165 304 49
884 3 838
351 418 66
982 34 791
757 723 918
2 999 382
300 612 484
778 964 144
74 465 234
898 566 705
49 974 437
550 317 830
633 328 400
903 80 1014
731 464 678
894 383 1010
575 832 501
977 509 641
796 206 94
874 584 647
118 189 45
591 272 192
271 296 377
19 751 49
374 704 179
638 869 373
674 437 161
704 506 498
37 632 580
490 584 546
497 250 672
528 683 741
57 59 961
426 801 894
128 506 602
964 448 433
698 155 101
10 945 344
690 135 331
517 647 1
430 685 283
180 996 741
465 240 372
173 934 561
234 710 346
21 543 1018
55 908 836
220 612 214
920 865 814
418 737 214
126 905 166
740 151 585
425 137 534
250 958 377
415 50 993
580 254 637
895 117 1001
782 911 196
376 407 602
306 28 682
725 80 959
153 976 433
140 590 397
400 199 829
812 283 10
753 93 1013
269 605 554
53 404 58
806 331 331
527 389 990
441 315 801
983 151 608
455 246 124
270 273 436
331 92 916
414 991 760
27 648 877
504 788 566
168 365 140
981 169 551
158 51 443
874 805 919
418 3 498
121 536 416
595 360 779
997 994 14
692 150 528
1 158 372
669 529 256
418 360 366
30 386 869
329 302 1
771 983 824
814 449 362
825 808 235
506 400 242
439 388 63
602 886 881
596 205 357
733 484 280
295 318 352
226 473 386
404 351 593
231 945 759
851 417 755
195 629 256
535 359 1000
503 236 911
43 653 896
6 465 180
883 619 155
826 523 699
485 93 315
344 69 930
878 831 595
93 577 220
591 343 863
200 91 181
359 174 550
62 186 75
692 148 900
931 976 368
545 78 771
774 898 890
545 99 148
196 964 342
17 60 989
161 159 959
532 393 848
391 930 202
758 130 384
899 90 629
501 64 277
545 497 849
833 685 1006
810 974 649
195 238 187
881 1 591
498 333 828
560 160 1020
765 916 577
719 308 214
117 153 765
176 883 913
130 455 40
546 441 343
578 496 741
992 242 36
460 723 363
250 288 775
781 716 277
958 239 897
750 110 264
265 211 731
889 964 322
684 324 1009
283 692 282
630 342 255
607 568 166
344 499 792
204 62 995
98 732 539
77 347 868
981 438 568
800 489 217
921 976 912
606 684 864
680 744 657
326 251 679
219 678 461
893 825 55
250 359 46
129 965 18
67 318 901
756 881 285
222 590 784
611 232 339
916 63 307
10 787 641
1000 845 163
771 852 819
948 525 326
268 411 890
162 465 342
153 586 213
630 160 811
335 67 226
596 980 230
502 691 679
525 68 999
393 522 983
825 969 902
171 273 547
71 926 774
273 259 166
570 711 252
533 449 687
597 734 706
847 9 35
683 574 465
549 945 662
349 554 924
466 635 407
348 872 988
20 477 303
162 427 527
8 960 618
883 792 729
265 393 133
178 27 67
500 997 791
602 256 341
271 731 203
236 948 576
219 64 477
574 948 1011
805 512 313
206 523 772
342 621 665
47 134 989
879 254 980
2 917 822
734 643 667
553 904 134
462 881 886
18 549 337
435 582 1022
349 204 245
536 69 985
260 975 659
421 247 21
829 764 576
658 485 305
705 347 600
753 577 524
544 139 524
978 985 915
835 90 889
689 741 46
538 444 521
911 296 994
31 567 161
806 330 450
770 92 924
796 529 472
116 163 492
92 629 800
159 562 828
469 458 803
711 684 185
732 672 357
14 345 641
498 562 913
842 136 865
291 578 653
78 291 877
442 492 335
62 327 268
856 633 178
124 996 15
607 404 273
423 730 469
134 929 758
825 550 380
858 234 528
741 860 471
831 578 374
917 833 468
852 192 574
488 53 216
334 83 296
669 197 690
566 135 403
209 111 130
187 721 423
865 411 134
521 274 490
863 188 687
426 419 733
345 67 422
626 11 872
175 684 358
735 229 613
363 685 944
654 119 731
538 114 379
651 32 1013
111 699 267
348 356 418
975 469 794
97 220 638
445 152 221
803 147 802
864 831 948
291 93 586
142 197 720
663 37 194
794 226 146
210 952 274
349 311 766
723 559 491
613 823 327
669 647 530
319 342 352
536 424 149
260 817 566
107 990 279
295 711 410
607 111 271
738 609 430
976 740 643
11 913 598
555 263 770
14 341 358
807 327 899
962 32 309
605 325 617
515 948 564
421 51 298
904 839 485
961 165 308
942 570 94
200 416 760
35 527 920
735 223 868
490 302 368
603 710 386
439 375 154
486 701 998
199 100 578
931 913 522
277 206 57
125 121 79
68 751 280
464 519 217
945 240 1013
198 948 630
251 298 510
690 543 61
110 161 673
741 368 163
192 584 178
638 636 442
999 622 935
995 537 623
783 717 718
47 861 118
139 500 2
911 21 972
123 747 595
544 930 5
706 336 43
69 135 296
530 579 394
855 930 754
455 220 1021
187 523 24
632 111 779
897 353 237
514 174 149
804 712 629
148 967 704
264 775 182
830 979 376
148 558 1022
313 564 966
691 212 491
750 429 776
207 782 39
26 875 516
248 270 1017
792 215 69
268 314 772
548 332 172
50 903 910
219 402 161
914 603 844
456 855 183
788 636 11
712 999 238
932 389 22
527 553 164
673 618 285
439 698 317
325 111 391
340 717 552
418 842 312
190 708 665
86 215 583
686 277 853
561 208 952
951 80 25
834 497 108
964 419 693
917 172 891
818 857 959
749 379 995
364 838 832
15 599 643
858 703 880
100 658 652
989 581 620
534 326 437
121 962 959
416 535 235
952 248 901
384 206 847
527 692 585
530 214 333
18 636 838
557 766 332
465 558 1023
797 826 341
29 103 850
387 22 43
663 928 964
633 505 468
986 219 194
589 628 503
2 358 879
353 809 819
51 850 172
592 178 360
615 369 659
6 834 577
462 389 306
335 429 840
580 784 920
812 917 727
998 259 134
63 125 358
676 477 803
342 451 847
116 309 685
504 10 166
464 672 296
917 553 309
445 436 602
336 120 182
871 686 731
142 172 508
540 129 41
764 527 907
845 66 314
392 56 861
177 994 598
829 870 269
723 426 656
195 403 37
97 10 784
539 659 153
80 996 322
354 512 659
175 716 356
841 304 452
422 452 563
83 902 860
192 133 120
87 149 457
266 600 421
380 174 581
84 94 882
576 365 870
166 536 948
274 360 762
707 564 415
274 843 318
227 57 977
747 941 128
972 975 222
518 376 829
563 474 944
585 320 116
378 487 775
304 849 184
247 219 698
375 123 26
643 771 74
645 579 151
937 860 35
515 532 561
262 105 908
563 950 724
557 431 423
713 357 873
453 10 850
94 565 914
259 665 329
801 482 831
934 515 655
56 47 434
383 489 616
482 823 934
232 481 674
461 909 915
27 957 935
87 746 873
15 834 488
835 195 96
167 618 116
6 264 228
448 108 85
709 386 359
262 53 337
26 369 636
146 836 641
455 697 965
77 337 375
262 949 192
860 109 166
147 919 735
602 264 308
678 333 1021
569 768 785
888 590 968
506 481 313
615 979 660
548 666 973
436 147 982
624 1 678
135 585 50
327 767 911
517 750 647
312 834 354
53 842 12
451 633 115
684 58 683
988 511 645
950 610 114
29 853 807
340 209 113
883 561 507
415 887 710
129 50 1007
812 865 269
504 983 742
618 676 402
69 812 291
724 598 461
717 456 955
315 261 71
44 683 630
963 682 99
347 764 852
530 676 876
772 955 559
532 115 726
159 192 657
239 506 979
733 676 461
560 934 699
857 603 677
323 358 269
265 500 319
148 384 609
233 988 781
449 5 636
839 1 